1. Create libraries:

cd FORTAN
make clean
make all

libMYLIB.a will be created

2. Check that everything works

cd frag
./toy.run

output will be:

   2.5394679999999998        2.9979939999999998        2.7474240000000001        4.1364130000000001        4.1364130000000001        2.8541360000000000        4.1364130000000001        4.1364130000000001        2.7474240000000001        2.9979939999999998        2.5394679999999998     
   22.040500000000002     
   2.1801326085035906        2.6259066021912778        2.4167039373847201        3.7004126693580406        3.7004126693580406        2.4471937176629761        3.7004126693580406        3.7004126693580406        2.4167039373847201        2.6259066021912778        2.1801326085035906     
   19.635058552201603     
   1.6177649980501236        2.0292104986434496        1.8771607744603158        2.9854632115401154        2.9854632115401154        1.8047728604786724        2.9854632115401154        2.9854632115401154        1.8771607744603158        2.0292104986434496        1.6177649980501236     
   15.696174395081092     
   1.0467275512426342        1.3979578363326424        1.2920411070425815        2.1997863058768097        2.1997863058768097        1.1468274490439190        2.1997863058768097        2.1997863058768097        1.2920411070425815        1.3979578363326424        1.0467275512426342     
   11.383227437592403     
  0.59428401862882263       0.86684602275795730       0.78704542186745607        1.5008068310606160        1.5008068310606160       0.62598822127879994        1.5008068310606160        1.5008068310606160       0.78704542186745607       0.86684602275795730       0.59428401862882263     
   7.5773181679773760     
  0.29556962151962718       0.48573782904218221       0.41977482792663184       0.95926554339924008       0.95926554339924008       0.29040442352498813       0.95926554339924008       0.95926554339924008       0.41977482792663184       0.48573782904218221       0.29556962151962718     
   4.6766118294502235     
  0.12704476976840776       0.24465931974849739       0.19138689543813178       0.57891950530966008       0.57891950530966008       0.11277420078618519       0.57891950530966008       0.57891950530966008       0.19138689543813178       0.24465931974849739       0.12704476976840776     
   2.6984518121149037     
   4.5720575793078762E-002  0.10850350485638258        7.1378673347658295E-002  0.33000407326658215       0.33000407326658215        3.6346918439579746E-002  0.33000407326658215       0.33000407326658215        7.1378673347658295E-002  0.10850350485638258        4.5720575793078762E-002
   1.4627736397616451     
   1.2936141894457364E-002   4.0423643574145560E-002   2.0123728223583624E-002  0.17517129061286049       0.17517129061286049        9.9559080778466556E-003  0.17517129061286049       0.17517129061286049        2.0123728223583624E-002   4.0423643574145560E-002   1.2936141894457364E-002
  0.74093261889860929     
   2.5408605995549532E-003   1.1485004087796152E-002   3.6924449238748052E-003   8.2939940657803177E-002   8.2939940657803177E-002   2.4664944455597697E-003   8.2939940657803177E-002   8.2939940657803177E-002   3.6924449238748052E-003   1.1485004087796152E-002   2.5408605995549532E-003
  0.33914465247896236     
   2.6258392386074511E-004   2.0082027265487211E-003   3.1766536460730861E-004   3.1448018767678075E-002   3.1448018767678075E-002   5.1975095515486235E-004   3.1448018767678075E-002   3.1448018767678075E-002   3.1766536460730861E-004   2.0082027265487211E-003   2.6258392386074511E-004 
   
   
cd frag
./toy.run

output will be:

  0.44311267638233914        2.3681755610081716E-006

3. Now go to the main directory (LEONARD or ZHONGBO) and type 

make
./test.exe

output will be:

=====TEST DSS 
  0.052760 0.091110 0.098690 0.271900 0.102110 0.089000 
=====End TEST DSS  