1.695860e+00  1.468310e-06  -2.619710e-01  0.000000e+00  0.000000e+00  2.361660e-02  3.206010e-01  3.613900e-03  1.952200e-01  0.000000e+00  0.000000e+00  2.361660e-02  1.000000e+00  1.000000e+00  0.000000e+00  0.000000e+00  0.000000e+00  2.500000e-01  1.000000e+00  1.000000e+00  0.000000e+00  0.000000e+00  0.000000e+00  2.500000e-01  1.000000e+00  1.000000e+00  0.000000e+00  0.000000e+00  0.000000e+00  2.500000e-01  1.000000e+00  1.000000e+00  0.000000e+00  0.000000e+00  0.000000e+00  2.500000e-01  
1.695860e+00  1.468310e-06  -2.619710e-01  0.000000e+00  0.000000e+00  2.361660e-02  3.206010e-01  3.613900e-03  1.952200e-01  0.000000e+00  0.000000e+00  2.361660e-02  1.000000e+00  1.000000e+00  0.000000e+00  0.000000e+00  0.000000e+00  2.500000e-01  1.000000e+00  1.000000e+00  0.000000e+00  0.000000e+00  0.000000e+00  2.500000e-01  1.000000e+00  1.000000e+00  0.000000e+00  0.000000e+00  0.000000e+00  2.500000e-01  1.000000e+00  1.000000e+00  0.000000e+00  0.000000e+00  0.000000e+00  2.500000e-01  
1.695860e+00  1.468310e-06  -2.619710e-01  0.000000e+00  0.000000e+00  2.361660e-02  3.206010e-01  3.613900e-03  1.952200e-01  0.000000e+00  0.000000e+00  2.361660e-02  1.000000e+00  1.000000e+00  0.000000e+00  0.000000e+00  0.000000e+00  2.500000e-01  1.000000e+00  1.000000e+00  0.000000e+00  0.000000e+00  0.000000e+00  2.500000e-01  1.000000e+00  1.000000e+00  0.000000e+00  0.000000e+00  0.000000e+00  2.500000e-01  1.000000e+00  1.000000e+00  0.000000e+00  0.000000e+00  0.000000e+00  2.500000e-01  
1.695860e+00  1.468310e-06  -2.619710e-01  0.000000e+00  0.000000e+00  2.361660e-02  3.206010e-01  3.613900e-03  1.952200e-01  0.000000e+00  0.000000e+00  2.361660e-02  1.000000e+00  1.000000e+00  0.000000e+00  0.000000e+00  0.000000e+00  2.500000e-01  1.000000e+00  1.000000e+00  0.000000e+00  0.000000e+00  0.000000e+00  2.500000e-01  1.000000e+00  1.000000e+00  0.000000e+00  0.000000e+00  0.000000e+00  2.500000e-01  1.000000e+00  1.000000e+00  0.000000e+00  0.000000e+00  0.000000e+00  2.500000e-01  
1.695860e+00  1.468310e-06  -2.619710e-01  0.000000e+00  0.000000e+00  2.361660e-02  3.206010e-01  3.613900e-03  1.952200e-01  0.000000e+00  0.000000e+00  2.361660e-02  1.000000e+00  1.000000e+00  0.000000e+00  0.000000e+00  0.000000e+00  2.500000e-01  1.000000e+00  1.000000e+00  0.000000e+00  0.000000e+00  0.000000e+00  2.500000e-01  1.000000e+00  1.000000e+00  0.000000e+00  0.000000e+00  0.000000e+00  2.500000e-01  1.000000e+00  1.000000e+00  0.000000e+00  0.000000e+00  0.000000e+00  2.500000e-01  
1.695860e+00  1.468310e-06  -2.619710e-01  0.000000e+00  0.000000e+00  2.361660e-02  3.206010e-01  3.613900e-03  1.952200e-01  0.000000e+00  0.000000e+00  2.361660e-02  1.000000e+00  1.000000e+00  0.000000e+00  0.000000e+00  0.000000e+00  2.500000e-01  1.000000e+00  1.000000e+00  0.000000e+00  0.000000e+00  0.000000e+00  2.500000e-01  1.000000e+00  1.000000e+00  0.000000e+00  0.000000e+00  0.000000e+00  2.500000e-01  1.000000e+00  1.000000e+00  0.000000e+00  0.000000e+00  0.000000e+00  2.500000e-01  
1.695860e+00  1.468310e-06  -2.619710e-01  0.000000e+00  0.000000e+00  2.361660e-02  3.206010e-01  3.613900e-03  1.952200e-01  0.000000e+00  0.000000e+00  2.361660e-02  1.000000e+00  1.000000e+00  0.000000e+00  0.000000e+00  0.000000e+00  2.500000e-01  1.000000e+00  1.000000e+00  0.000000e+00  0.000000e+00  0.000000e+00  2.500000e-01  1.000000e+00  1.000000e+00  0.000000e+00  0.000000e+00  0.000000e+00  2.500000e-01  1.000000e+00  1.000000e+00  0.000000e+00  0.000000e+00  0.000000e+00  2.500000e-01  
1.695860e+00  1.468310e-06  -2.619710e-01  0.000000e+00  0.000000e+00  2.361660e-02  3.206010e-01  3.613900e-03  1.952200e-01  0.000000e+00  0.000000e+00  2.361660e-02  1.000000e+00  1.000000e+00  0.000000e+00  0.000000e+00  0.000000e+00  2.500000e-01  1.000000e+00  1.000000e+00  0.000000e+00  0.000000e+00  0.000000e+00  2.500000e-01  1.000000e+00  1.000000e+00  0.000000e+00  0.000000e+00  0.000000e+00  2.500000e-01  1.000000e+00  1.000000e+00  0.000000e+00  0.000000e+00  0.000000e+00  2.500000e-01  
1.695860e+00  1.468310e-06  -2.619710e-01  0.000000e+00  0.000000e+00  2.361660e-02  3.206010e-01  3.613900e-03  1.952200e-01  0.000000e+00  0.000000e+00  2.361660e-02  1.000000e+00  1.000000e+00  0.000000e+00  0.000000e+00  0.000000e+00  2.500000e-01  1.000000e+00  1.000000e+00  0.000000e+00  0.000000e+00  0.000000e+00  2.500000e-01  1.000000e+00  1.000000e+00  0.000000e+00  0.000000e+00  0.000000e+00  2.500000e-01  1.000000e+00  1.000000e+00  0.000000e+00  0.000000e+00  0.000000e+00  2.500000e-01  
1.700130e+00  1.901200e-02  -2.622440e-01  0.000000e+00  0.000000e+00  2.354300e-02  3.217050e-01  4.686100e-02  1.947270e-01  0.000000e+00  0.000000e+00  2.354300e-02  1.000000e+00  1.000000e+00  0.000000e+00  0.000000e+00  0.000000e+00  2.500000e-01  1.000000e+00  1.000000e+00  0.000000e+00  0.000000e+00  0.000000e+00  2.500000e-01  1.000000e+00  1.000000e+00  0.000000e+00  0.000000e+00  0.000000e+00  2.500000e-01  1.000000e+00  1.000000e+00  0.000000e+00  0.000000e+00  0.000000e+00  2.500000e-01  
1.699850e+00  4.334800e-02  -2.640810e-01  0.000000e+00  0.000000e+00  2.372900e-02  3.179200e-01  5.368900e-02  1.909500e-01  0.000000e+00  0.000000e+00  2.372900e-02  1.000000e+00  1.000000e+00  0.000000e+00  0.000000e+00  0.000000e+00  2.500000e-01  1.000000e+00  1.000000e+00  0.000000e+00  0.000000e+00  0.000000e+00  2.500000e-01  1.000000e+00  1.000000e+00  0.000000e+00  0.000000e+00  0.000000e+00  2.500000e-01  1.000000e+00  1.000000e+00  0.000000e+00  0.000000e+00  0.000000e+00  2.500000e-01  
1.693420e+00  5.580300e-02  -2.681410e-01  0.000000e+00  0.000000e+00  2.367900e-02  3.181210e-01  1.032000e-02  1.898930e-01  0.000000e+00  0.000000e+00  2.367900e-02  1.000000e+00  1.000000e+00  0.000000e+00  0.000000e+00  0.000000e+00  2.500000e-01  1.000000e+00  1.000000e+00  0.000000e+00  0.000000e+00  0.000000e+00  2.500000e-01  1.000000e+00  1.000000e+00  0.000000e+00  0.000000e+00  0.000000e+00  2.500000e-01  1.000000e+00  1.000000e+00  0.000000e+00  0.000000e+00  0.000000e+00  2.500000e-01  
1.698720e+00  3.147600e-02  -2.668980e-01  0.000000e+00  0.000000e+00  2.366300e-02  3.251330e-01  7.593500e-02  1.948800e-01  0.000000e+00  0.000000e+00  2.366300e-02  1.000000e+00  1.000000e+00  0.000000e+00  0.000000e+00  0.000000e+00  2.500000e-01  1.000000e+00  1.000000e+00  0.000000e+00  0.000000e+00  0.000000e+00  2.500000e-01  1.000000e+00  1.000000e+00  0.000000e+00  0.000000e+00  0.000000e+00  2.500000e-01  1.000000e+00  1.000000e+00  0.000000e+00  0.000000e+00  0.000000e+00  2.500000e-01  
1.674290e+00  7.060000e-04  -2.677600e-01  0.000000e+00  0.000000e+00  2.387600e-02  3.405610e-01  1.630520e-01  1.967790e-01  0.000000e+00  0.000000e+00  2.387600e-02  1.000000e+00  1.000000e+00  0.000000e+00  0.000000e+00  0.000000e+00  2.500000e-01  1.000000e+00  1.000000e+00  0.000000e+00  0.000000e+00  0.000000e+00  2.500000e-01  1.000000e+00  1.000000e+00  0.000000e+00  0.000000e+00  0.000000e+00  2.500000e-01  1.000000e+00  1.000000e+00  0.000000e+00  0.000000e+00  0.000000e+00  2.500000e-01  
1.700390e+00  3.520400e-02  -2.657930e-01  0.000000e+00  0.000000e+00  2.361900e-02  3.192600e-01  6.912400e-02  1.971140e-01  0.000000e+00  0.000000e+00  2.361900e-02  1.000000e+00  1.000000e+00  0.000000e+00  0.000000e+00  0.000000e+00  2.500000e-01  1.000000e+00  1.000000e+00  0.000000e+00  0.000000e+00  0.000000e+00  2.500000e-01  1.000000e+00  1.000000e+00  0.000000e+00  0.000000e+00  0.000000e+00  2.500000e-01  1.000000e+00  1.000000e+00  0.000000e+00  0.000000e+00  0.000000e+00  2.500000e-01  
1.703040e+00  1.464300e-02  -2.654540e-01  0.000000e+00  0.000000e+00  2.364600e-02  3.247270e-01  7.801600e-02  1.947190e-01  0.000000e+00  0.000000e+00  2.364600e-02  1.000000e+00  1.000000e+00  0.000000e+00  0.000000e+00  0.000000e+00  2.500000e-01  1.000000e+00  1.000000e+00  0.000000e+00  0.000000e+00  0.000000e+00  2.500000e-01  1.000000e+00  1.000000e+00  0.000000e+00  0.000000e+00  0.000000e+00  2.500000e-01  1.000000e+00  1.000000e+00  0.000000e+00  0.000000e+00  0.000000e+00  2.500000e-01  
1.693260e+00  5.870000e-04  -2.652910e-01  0.000000e+00  0.000000e+00  2.364100e-02  3.222220e-01  4.255900e-02  1.968550e-01  0.000000e+00  0.000000e+00  2.364100e-02  1.000000e+00  1.000000e+00  0.000000e+00  0.000000e+00  0.000000e+00  2.500000e-01  1.000000e+00  1.000000e+00  0.000000e+00  0.000000e+00  0.000000e+00  2.500000e-01  1.000000e+00  1.000000e+00  0.000000e+00  0.000000e+00  0.000000e+00  2.500000e-01  1.000000e+00  1.000000e+00  0.000000e+00  0.000000e+00  0.000000e+00  2.500000e-01  
1.699970e+00  2.288700e-02  -2.665620e-01  0.000000e+00  0.000000e+00  2.355800e-02  3.313840e-01  4.616800e-02  1.976560e-01  0.000000e+00  0.000000e+00  2.355800e-02  1.000000e+00  1.000000e+00  0.000000e+00  0.000000e+00  0.000000e+00  2.500000e-01  1.000000e+00  1.000000e+00  0.000000e+00  0.000000e+00  0.000000e+00  2.500000e-01  1.000000e+00  1.000000e+00  0.000000e+00  0.000000e+00  0.000000e+00  2.500000e-01  1.000000e+00  1.000000e+00  0.000000e+00  0.000000e+00  0.000000e+00  2.500000e-01  
1.714870e+00  8.156000e-03  -2.660420e-01  0.000000e+00  0.000000e+00  2.367400e-02  3.218780e-01  4.539600e-02  1.953690e-01  0.000000e+00  0.000000e+00  2.367400e-02  1.000000e+00  1.000000e+00  0.000000e+00  0.000000e+00  0.000000e+00  2.500000e-01  1.000000e+00  1.000000e+00  0.000000e+00  0.000000e+00  0.000000e+00  2.500000e-01  1.000000e+00  1.000000e+00  0.000000e+00  0.000000e+00  0.000000e+00  2.500000e-01  1.000000e+00  1.000000e+00  0.000000e+00  0.000000e+00  0.000000e+00  2.500000e-01  
1.699580e+00  2.725900e-02  -2.633230e-01  0.000000e+00  0.000000e+00  2.359700e-02  3.245620e-01  4.773500e-02  1.957780e-01  0.000000e+00  0.000000e+00  2.359700e-02  1.000000e+00  1.000000e+00  0.000000e+00  0.000000e+00  0.000000e+00  2.500000e-01  1.000000e+00  1.000000e+00  0.000000e+00  0.000000e+00  0.000000e+00  2.500000e-01  1.000000e+00  1.000000e+00  0.000000e+00  0.000000e+00  0.000000e+00  2.500000e-01  1.000000e+00  1.000000e+00  0.000000e+00  0.000000e+00  0.000000e+00  2.500000e-01  
1.700930e+00  1.703600e-02  -2.654040e-01  0.000000e+00  0.000000e+00  2.366100e-02  3.296460e-01  5.547800e-02  1.945010e-01  0.000000e+00  0.000000e+00  2.366100e-02  1.000000e+00  1.000000e+00  0.000000e+00  0.000000e+00  0.000000e+00  2.500000e-01  1.000000e+00  1.000000e+00  0.000000e+00  0.000000e+00  0.000000e+00  2.500000e-01  1.000000e+00  1.000000e+00  0.000000e+00  0.000000e+00  0.000000e+00  2.500000e-01  1.000000e+00  1.000000e+00  0.000000e+00  0.000000e+00  0.000000e+00  2.500000e-01  
1.688620e+00  3.086900e-02  -2.639950e-01  0.000000e+00  0.000000e+00  2.371900e-02  3.188730e-01  7.940100e-02  1.952040e-01  0.000000e+00  0.000000e+00  2.371900e-02  1.000000e+00  1.000000e+00  0.000000e+00  0.000000e+00  0.000000e+00  2.500000e-01  1.000000e+00  1.000000e+00  0.000000e+00  0.000000e+00  0.000000e+00  2.500000e-01  1.000000e+00  1.000000e+00  0.000000e+00  0.000000e+00  0.000000e+00  2.500000e-01  1.000000e+00  1.000000e+00  0.000000e+00  0.000000e+00  0.000000e+00  2.500000e-01  
1.702560e+00  2.546600e-02  -2.658800e-01  0.000000e+00  0.000000e+00  2.378900e-02  3.287380e-01  6.055300e-02  1.960850e-01  0.000000e+00  0.000000e+00  2.378900e-02  1.000000e+00  1.000000e+00  0.000000e+00  0.000000e+00  0.000000e+00  2.500000e-01  1.000000e+00  1.000000e+00  0.000000e+00  0.000000e+00  0.000000e+00  2.500000e-01  1.000000e+00  1.000000e+00  0.000000e+00  0.000000e+00  0.000000e+00  2.500000e-01  1.000000e+00  1.000000e+00  0.000000e+00  0.000000e+00  0.000000e+00  2.500000e-01  
1.703170e+00  4.060900e-02  -2.609940e-01  0.000000e+00  0.000000e+00  2.359600e-02  3.155370e-01  4.925800e-02  1.945450e-01  0.000000e+00  0.000000e+00  2.359600e-02  1.000000e+00  1.000000e+00  0.000000e+00  0.000000e+00  0.000000e+00  2.500000e-01  1.000000e+00  1.000000e+00  0.000000e+00  0.000000e+00  0.000000e+00  2.500000e-01  1.000000e+00  1.000000e+00  0.000000e+00  0.000000e+00  0.000000e+00  2.500000e-01  1.000000e+00  1.000000e+00  0.000000e+00  0.000000e+00  0.000000e+00  2.500000e-01  
1.703870e+00  5.640300e-02  -2.686190e-01  0.000000e+00  0.000000e+00  2.371600e-02  3.276070e-01  9.627000e-03  1.907970e-01  0.000000e+00  0.000000e+00  2.371600e-02  1.000000e+00  1.000000e+00  0.000000e+00  0.000000e+00  0.000000e+00  2.500000e-01  1.000000e+00  1.000000e+00  0.000000e+00  0.000000e+00  0.000000e+00  2.500000e-01  1.000000e+00  1.000000e+00  0.000000e+00  0.000000e+00  0.000000e+00  2.500000e-01  1.000000e+00  1.000000e+00  0.000000e+00  0.000000e+00  0.000000e+00  2.500000e-01  
1.695270e+00  1.053300e-02  -2.651980e-01  0.000000e+00  0.000000e+00  2.364300e-02  3.215640e-01  1.891500e-02  1.943830e-01  0.000000e+00  0.000000e+00  2.364300e-02  1.000000e+00  1.000000e+00  0.000000e+00  0.000000e+00  0.000000e+00  2.500000e-01  1.000000e+00  1.000000e+00  0.000000e+00  0.000000e+00  0.000000e+00  2.500000e-01  1.000000e+00  1.000000e+00  0.000000e+00  0.000000e+00  0.000000e+00  2.500000e-01  1.000000e+00  1.000000e+00  0.000000e+00  0.000000e+00  0.000000e+00  2.500000e-01  
1.696170e+00  3.112500e-02  -2.624720e-01  0.000000e+00  0.000000e+00  2.365300e-02  3.203360e-01  2.110900e-02  1.947870e-01  0.000000e+00  0.000000e+00  2.365300e-02  1.000000e+00  1.000000e+00  0.000000e+00  0.000000e+00  0.000000e+00  2.500000e-01  1.000000e+00  1.000000e+00  0.000000e+00  0.000000e+00  0.000000e+00  2.500000e-01  1.000000e+00  1.000000e+00  0.000000e+00  0.000000e+00  0.000000e+00  2.500000e-01  1.000000e+00  1.000000e+00  0.000000e+00  0.000000e+00  0.000000e+00  2.500000e-01  
1.696270e+00  1.645400e-02  -2.603630e-01  0.000000e+00  0.000000e+00  2.367000e-02  3.304780e-01  2.686600e-02  1.962120e-01  0.000000e+00  0.000000e+00  2.367000e-02  1.000000e+00  1.000000e+00  0.000000e+00  0.000000e+00  0.000000e+00  2.500000e-01  1.000000e+00  1.000000e+00  0.000000e+00  0.000000e+00  0.000000e+00  2.500000e-01  1.000000e+00  1.000000e+00  0.000000e+00  0.000000e+00  0.000000e+00  2.500000e-01  1.000000e+00  1.000000e+00  0.000000e+00  0.000000e+00  0.000000e+00  2.500000e-01  
1.698330e+00  1.879400e-02  -2.646210e-01  0.000000e+00  0.000000e+00  2.368600e-02  3.233340e-01  9.939400e-02  1.967360e-01  0.000000e+00  0.000000e+00  2.368600e-02  1.000000e+00  1.000000e+00  0.000000e+00  0.000000e+00  0.000000e+00  2.500000e-01  1.000000e+00  1.000000e+00  0.000000e+00  0.000000e+00  0.000000e+00  2.500000e-01  1.000000e+00  1.000000e+00  0.000000e+00  0.000000e+00  0.000000e+00  2.500000e-01  1.000000e+00  1.000000e+00  0.000000e+00  0.000000e+00  0.000000e+00  2.500000e-01  
1.704930e+00  5.477000e-02  -2.630710e-01  0.000000e+00  0.000000e+00  2.369000e-02  3.216400e-01  3.104200e-02  1.950930e-01  0.000000e+00  0.000000e+00  2.369000e-02  1.000000e+00  1.000000e+00  0.000000e+00  0.000000e+00  0.000000e+00  2.500000e-01  1.000000e+00  1.000000e+00  0.000000e+00  0.000000e+00  0.000000e+00  2.500000e-01  1.000000e+00  1.000000e+00  0.000000e+00  0.000000e+00  0.000000e+00  2.500000e-01  1.000000e+00  1.000000e+00  0.000000e+00  0.000000e+00  0.000000e+00  2.500000e-01  
1.699500e+00  2.352000e-02  -2.631510e-01  0.000000e+00  0.000000e+00  2.368200e-02  3.207770e-01  3.182500e-02  1.921590e-01  0.000000e+00  0.000000e+00  2.368200e-02  1.000000e+00  1.000000e+00  0.000000e+00  0.000000e+00  0.000000e+00  2.500000e-01  1.000000e+00  1.000000e+00  0.000000e+00  0.000000e+00  0.000000e+00  2.500000e-01  1.000000e+00  1.000000e+00  0.000000e+00  0.000000e+00  0.000000e+00  2.500000e-01  1.000000e+00  1.000000e+00  0.000000e+00  0.000000e+00  0.000000e+00  2.500000e-01  
1.696260e+00  1.812900e-02  -2.659200e-01  0.000000e+00  0.000000e+00  2.375700e-02  3.279160e-01  7.702100e-02  1.952870e-01  0.000000e+00  0.000000e+00  2.375700e-02  1.000000e+00  1.000000e+00  0.000000e+00  0.000000e+00  0.000000e+00  2.500000e-01  1.000000e+00  1.000000e+00  0.000000e+00  0.000000e+00  0.000000e+00  2.500000e-01  1.000000e+00  1.000000e+00  0.000000e+00  0.000000e+00  0.000000e+00  2.500000e-01  1.000000e+00  1.000000e+00  0.000000e+00  0.000000e+00  0.000000e+00  2.500000e-01  
1.692190e+00  1.871000e-03  -2.626470e-01  0.000000e+00  0.000000e+00  2.364200e-02  3.341320e-01  5.018000e-02  1.954270e-01  0.000000e+00  0.000000e+00  2.364200e-02  1.000000e+00  1.000000e+00  0.000000e+00  0.000000e+00  0.000000e+00  2.500000e-01  1.000000e+00  1.000000e+00  0.000000e+00  0.000000e+00  0.000000e+00  2.500000e-01  1.000000e+00  1.000000e+00  0.000000e+00  0.000000e+00  0.000000e+00  2.500000e-01  1.000000e+00  1.000000e+00  0.000000e+00  0.000000e+00  0.000000e+00  2.500000e-01  
1.679100e+00  1.169800e-02  -2.702490e-01  0.000000e+00  0.000000e+00  2.374500e-02  3.259020e-01  7.655200e-02  1.914000e-01  0.000000e+00  0.000000e+00  2.374500e-02  1.000000e+00  1.000000e+00  0.000000e+00  0.000000e+00  0.000000e+00  2.500000e-01  1.000000e+00  1.000000e+00  0.000000e+00  0.000000e+00  0.000000e+00  2.500000e-01  1.000000e+00  1.000000e+00  0.000000e+00  0.000000e+00  0.000000e+00  2.500000e-01  1.000000e+00  1.000000e+00  0.000000e+00  0.000000e+00  0.000000e+00  2.500000e-01  
1.702840e+00  1.081900e-02  -2.663930e-01  0.000000e+00  0.000000e+00  2.362400e-02  3.257710e-01  1.036350e-01  1.917930e-01  0.000000e+00  0.000000e+00  2.362400e-02  1.000000e+00  1.000000e+00  0.000000e+00  0.000000e+00  0.000000e+00  2.500000e-01  1.000000e+00  1.000000e+00  0.000000e+00  0.000000e+00  0.000000e+00  2.500000e-01  1.000000e+00  1.000000e+00  0.000000e+00  0.000000e+00  0.000000e+00  2.500000e-01  1.000000e+00  1.000000e+00  0.000000e+00  0.000000e+00  0.000000e+00  2.500000e-01  
1.697300e+00  5.561900e-02  -2.629260e-01  0.000000e+00  0.000000e+00  2.369100e-02  3.214340e-01  6.947300e-02  1.961400e-01  0.000000e+00  0.000000e+00  2.369100e-02  1.000000e+00  1.000000e+00  0.000000e+00  0.000000e+00  0.000000e+00  2.500000e-01  1.000000e+00  1.000000e+00  0.000000e+00  0.000000e+00  0.000000e+00  2.500000e-01  1.000000e+00  1.000000e+00  0.000000e+00  0.000000e+00  0.000000e+00  2.500000e-01  1.000000e+00  1.000000e+00  0.000000e+00  0.000000e+00  0.000000e+00  2.500000e-01  
1.684410e+00  1.136900e-02  -2.621140e-01  0.000000e+00  0.000000e+00  2.368000e-02  3.196230e-01  9.323000e-03  1.943400e-01  0.000000e+00  0.000000e+00  2.368000e-02  1.000000e+00  1.000000e+00  0.000000e+00  0.000000e+00  0.000000e+00  2.500000e-01  1.000000e+00  1.000000e+00  0.000000e+00  0.000000e+00  0.000000e+00  2.500000e-01  1.000000e+00  1.000000e+00  0.000000e+00  0.000000e+00  0.000000e+00  2.500000e-01  1.000000e+00  1.000000e+00  0.000000e+00  0.000000e+00  0.000000e+00  2.500000e-01  
1.707840e+00  4.318600e-02  -2.627580e-01  0.000000e+00  0.000000e+00  2.362400e-02  3.165580e-01  4.745900e-02  1.932630e-01  0.000000e+00  0.000000e+00  2.362400e-02  1.000000e+00  1.000000e+00  0.000000e+00  0.000000e+00  0.000000e+00  2.500000e-01  1.000000e+00  1.000000e+00  0.000000e+00  0.000000e+00  0.000000e+00  2.500000e-01  1.000000e+00  1.000000e+00  0.000000e+00  0.000000e+00  0.000000e+00  2.500000e-01  1.000000e+00  1.000000e+00  0.000000e+00  0.000000e+00  0.000000e+00  2.500000e-01  
1.701400e+00  6.276000e-03  -2.645370e-01  0.000000e+00  0.000000e+00  2.371100e-02  3.297000e-01  1.353480e-01  1.984660e-01  0.000000e+00  0.000000e+00  2.371100e-02  1.000000e+00  1.000000e+00  0.000000e+00  0.000000e+00  0.000000e+00  2.500000e-01  1.000000e+00  1.000000e+00  0.000000e+00  0.000000e+00  0.000000e+00  2.500000e-01  1.000000e+00  1.000000e+00  0.000000e+00  0.000000e+00  0.000000e+00  2.500000e-01  1.000000e+00  1.000000e+00  0.000000e+00  0.000000e+00  0.000000e+00  2.500000e-01  
1.698270e+00  1.273700e-02  -2.629250e-01  0.000000e+00  0.000000e+00  2.359900e-02  3.211440e-01  2.263000e-02  1.980240e-01  0.000000e+00  0.000000e+00  2.359900e-02  1.000000e+00  1.000000e+00  0.000000e+00  0.000000e+00  0.000000e+00  2.500000e-01  1.000000e+00  1.000000e+00  0.000000e+00  0.000000e+00  0.000000e+00  2.500000e-01  1.000000e+00  1.000000e+00  0.000000e+00  0.000000e+00  0.000000e+00  2.500000e-01  1.000000e+00  1.000000e+00  0.000000e+00  0.000000e+00  0.000000e+00  2.500000e-01  
1.693710e+00  6.522400e-02  -2.662770e-01  0.000000e+00  0.000000e+00  2.373300e-02  3.305200e-01  2.784800e-02  1.953170e-01  0.000000e+00  0.000000e+00  2.373300e-02  1.000000e+00  1.000000e+00  0.000000e+00  0.000000e+00  0.000000e+00  2.500000e-01  1.000000e+00  1.000000e+00  0.000000e+00  0.000000e+00  0.000000e+00  2.500000e-01  1.000000e+00  1.000000e+00  0.000000e+00  0.000000e+00  0.000000e+00  2.500000e-01  1.000000e+00  1.000000e+00  0.000000e+00  0.000000e+00  0.000000e+00  2.500000e-01  
1.693910e+00  1.187300e-02  -2.648210e-01  0.000000e+00  0.000000e+00  2.364700e-02  3.128210e-01  3.313700e-02  1.925380e-01  0.000000e+00  0.000000e+00  2.364700e-02  1.000000e+00  1.000000e+00  0.000000e+00  0.000000e+00  0.000000e+00  2.500000e-01  1.000000e+00  1.000000e+00  0.000000e+00  0.000000e+00  0.000000e+00  2.500000e-01  1.000000e+00  1.000000e+00  0.000000e+00  0.000000e+00  0.000000e+00  2.500000e-01  1.000000e+00  1.000000e+00  0.000000e+00  0.000000e+00  0.000000e+00  2.500000e-01  
1.695740e+00  3.797100e-02  -2.621480e-01  0.000000e+00  0.000000e+00  2.364500e-02  3.268660e-01  3.922000e-03  1.999830e-01  0.000000e+00  0.000000e+00  2.364500e-02  1.000000e+00  1.000000e+00  0.000000e+00  0.000000e+00  0.000000e+00  2.500000e-01  1.000000e+00  1.000000e+00  0.000000e+00  0.000000e+00  0.000000e+00  2.500000e-01  1.000000e+00  1.000000e+00  0.000000e+00  0.000000e+00  0.000000e+00  2.500000e-01  1.000000e+00  1.000000e+00  0.000000e+00  0.000000e+00  0.000000e+00  2.500000e-01  
1.695260e+00  4.675300e-02  -2.649780e-01  0.000000e+00  0.000000e+00  2.364800e-02  3.152720e-01  2.566500e-02  1.949700e-01  0.000000e+00  0.000000e+00  2.364800e-02  1.000000e+00  1.000000e+00  0.000000e+00  0.000000e+00  0.000000e+00  2.500000e-01  1.000000e+00  1.000000e+00  0.000000e+00  0.000000e+00  0.000000e+00  2.500000e-01  1.000000e+00  1.000000e+00  0.000000e+00  0.000000e+00  0.000000e+00  2.500000e-01  1.000000e+00  1.000000e+00  0.000000e+00  0.000000e+00  0.000000e+00  2.500000e-01  
1.691340e+00  4.226600e-02  -2.660630e-01  0.000000e+00  0.000000e+00  2.374000e-02  3.301370e-01  5.586700e-02  1.947660e-01  0.000000e+00  0.000000e+00  2.374000e-02  1.000000e+00  1.000000e+00  0.000000e+00  0.000000e+00  0.000000e+00  2.500000e-01  1.000000e+00  1.000000e+00  0.000000e+00  0.000000e+00  0.000000e+00  2.500000e-01  1.000000e+00  1.000000e+00  0.000000e+00  0.000000e+00  0.000000e+00  2.500000e-01  1.000000e+00  1.000000e+00  0.000000e+00  0.000000e+00  0.000000e+00  2.500000e-01  
1.706960e+00  2.672700e-02  -2.699410e-01  0.000000e+00  0.000000e+00  2.379400e-02  3.254550e-01  1.105780e-01  1.915590e-01  0.000000e+00  0.000000e+00  2.379400e-02  1.000000e+00  1.000000e+00  0.000000e+00  0.000000e+00  0.000000e+00  2.500000e-01  1.000000e+00  1.000000e+00  0.000000e+00  0.000000e+00  0.000000e+00  2.500000e-01  1.000000e+00  1.000000e+00  0.000000e+00  0.000000e+00  0.000000e+00  2.500000e-01  1.000000e+00  1.000000e+00  0.000000e+00  0.000000e+00  0.000000e+00  2.500000e-01  
1.700860e+00  1.850600e-02  -2.648850e-01  0.000000e+00  0.000000e+00  2.365200e-02  3.186830e-01  6.682700e-02  1.954550e-01  0.000000e+00  0.000000e+00  2.365200e-02  1.000000e+00  1.000000e+00  0.000000e+00  0.000000e+00  0.000000e+00  2.500000e-01  1.000000e+00  1.000000e+00  0.000000e+00  0.000000e+00  0.000000e+00  2.500000e-01  1.000000e+00  1.000000e+00  0.000000e+00  0.000000e+00  0.000000e+00  2.500000e-01  1.000000e+00  1.000000e+00  0.000000e+00  0.000000e+00  0.000000e+00  2.500000e-01  
1.689870e+00  3.358400e-02  -2.646450e-01  0.000000e+00  0.000000e+00  2.379700e-02  3.305560e-01  1.077480e-01  1.969250e-01  0.000000e+00  0.000000e+00  2.379700e-02  1.000000e+00  1.000000e+00  0.000000e+00  0.000000e+00  0.000000e+00  2.500000e-01  1.000000e+00  1.000000e+00  0.000000e+00  0.000000e+00  0.000000e+00  2.500000e-01  1.000000e+00  1.000000e+00  0.000000e+00  0.000000e+00  0.000000e+00  2.500000e-01  1.000000e+00  1.000000e+00  0.000000e+00  0.000000e+00  0.000000e+00  2.500000e-01  
1.687910e+00  7.440000e-03  -2.630530e-01  0.000000e+00  0.000000e+00  2.355200e-02  3.224010e-01  7.066000e-02  1.963310e-01  0.000000e+00  0.000000e+00  2.355200e-02  1.000000e+00  1.000000e+00  0.000000e+00  0.000000e+00  0.000000e+00  2.500000e-01  1.000000e+00  1.000000e+00  0.000000e+00  0.000000e+00  0.000000e+00  2.500000e-01  1.000000e+00  1.000000e+00  0.000000e+00  0.000000e+00  0.000000e+00  2.500000e-01  1.000000e+00  1.000000e+00  0.000000e+00  0.000000e+00  0.000000e+00  2.500000e-01  
1.701820e+00  1.696700e-02  -2.642110e-01  0.000000e+00  0.000000e+00  2.367000e-02  3.268110e-01  5.934700e-02  1.945040e-01  0.000000e+00  0.000000e+00  2.367000e-02  1.000000e+00  1.000000e+00  0.000000e+00  0.000000e+00  0.000000e+00  2.500000e-01  1.000000e+00  1.000000e+00  0.000000e+00  0.000000e+00  0.000000e+00  2.500000e-01  1.000000e+00  1.000000e+00  0.000000e+00  0.000000e+00  0.000000e+00  2.500000e-01  1.000000e+00  1.000000e+00  0.000000e+00  0.000000e+00  0.000000e+00  2.500000e-01  
1.687910e+00  2.799800e-02  -2.614630e-01  0.000000e+00  0.000000e+00  2.358200e-02  3.232990e-01  7.240000e-03  1.948000e-01  0.000000e+00  0.000000e+00  2.358200e-02  1.000000e+00  1.000000e+00  0.000000e+00  0.000000e+00  0.000000e+00  2.500000e-01  1.000000e+00  1.000000e+00  0.000000e+00  0.000000e+00  0.000000e+00  2.500000e-01  1.000000e+00  1.000000e+00  0.000000e+00  0.000000e+00  0.000000e+00  2.500000e-01  1.000000e+00  1.000000e+00  0.000000e+00  0.000000e+00  0.000000e+00  2.500000e-01  
1.700270e+00  8.755000e-03  -2.642490e-01  0.000000e+00  0.000000e+00  2.367400e-02  3.244450e-01  8.490800e-02  1.960350e-01  0.000000e+00  0.000000e+00  2.367400e-02  1.000000e+00  1.000000e+00  0.000000e+00  0.000000e+00  0.000000e+00  2.500000e-01  1.000000e+00  1.000000e+00  0.000000e+00  0.000000e+00  0.000000e+00  2.500000e-01  1.000000e+00  1.000000e+00  0.000000e+00  0.000000e+00  0.000000e+00  2.500000e-01  1.000000e+00  1.000000e+00  0.000000e+00  0.000000e+00  0.000000e+00  2.500000e-01  
1.691590e+00  8.844000e-03  -2.610410e-01  0.000000e+00  0.000000e+00  2.379700e-02  3.209630e-01  1.196430e-01  1.923700e-01  0.000000e+00  0.000000e+00  2.379700e-02  1.000000e+00  1.000000e+00  0.000000e+00  0.000000e+00  0.000000e+00  2.500000e-01  1.000000e+00  1.000000e+00  0.000000e+00  0.000000e+00  0.000000e+00  2.500000e-01  1.000000e+00  1.000000e+00  0.000000e+00  0.000000e+00  0.000000e+00  2.500000e-01  1.000000e+00  1.000000e+00  0.000000e+00  0.000000e+00  0.000000e+00  2.500000e-01  
1.699520e+00  3.195900e-02  -2.668370e-01  0.000000e+00  0.000000e+00  2.368300e-02  3.229950e-01  6.558200e-02  1.982990e-01  0.000000e+00  0.000000e+00  2.368300e-02  1.000000e+00  1.000000e+00  0.000000e+00  0.000000e+00  0.000000e+00  2.500000e-01  1.000000e+00  1.000000e+00  0.000000e+00  0.000000e+00  0.000000e+00  2.500000e-01  1.000000e+00  1.000000e+00  0.000000e+00  0.000000e+00  0.000000e+00  2.500000e-01  1.000000e+00  1.000000e+00  0.000000e+00  0.000000e+00  0.000000e+00  2.500000e-01  
1.694470e+00  6.273600e-02  -2.668460e-01  0.000000e+00  0.000000e+00  2.374300e-02  3.282980e-01  1.870900e-02  1.942360e-01  0.000000e+00  0.000000e+00  2.374300e-02  1.000000e+00  1.000000e+00  0.000000e+00  0.000000e+00  0.000000e+00  2.500000e-01  1.000000e+00  1.000000e+00  0.000000e+00  0.000000e+00  0.000000e+00  2.500000e-01  1.000000e+00  1.000000e+00  0.000000e+00  0.000000e+00  0.000000e+00  2.500000e-01  1.000000e+00  1.000000e+00  0.000000e+00  0.000000e+00  0.000000e+00  2.500000e-01  
1.689080e+00  3.133300e-02  -2.607530e-01  0.000000e+00  0.000000e+00  2.367800e-02  3.277070e-01  1.364700e-02  1.957500e-01  0.000000e+00  0.000000e+00  2.367800e-02  1.000000e+00  1.000000e+00  0.000000e+00  0.000000e+00  0.000000e+00  2.500000e-01  1.000000e+00  1.000000e+00  0.000000e+00  0.000000e+00  0.000000e+00  2.500000e-01  1.000000e+00  1.000000e+00  0.000000e+00  0.000000e+00  0.000000e+00  2.500000e-01  1.000000e+00  1.000000e+00  0.000000e+00  0.000000e+00  0.000000e+00  2.500000e-01  
1.705820e+00  5.486000e-03  -2.613700e-01  0.000000e+00  0.000000e+00  2.366200e-02  3.186540e-01  4.288700e-02  1.957980e-01  0.000000e+00  0.000000e+00  2.366200e-02  1.000000e+00  1.000000e+00  0.000000e+00  0.000000e+00  0.000000e+00  2.500000e-01  1.000000e+00  1.000000e+00  0.000000e+00  0.000000e+00  0.000000e+00  2.500000e-01  1.000000e+00  1.000000e+00  0.000000e+00  0.000000e+00  0.000000e+00  2.500000e-01  1.000000e+00  1.000000e+00  0.000000e+00  0.000000e+00  0.000000e+00  2.500000e-01  
1.691820e+00  1.973100e-02  -2.686730e-01  0.000000e+00  0.000000e+00  2.370700e-02  3.218310e-01  8.029000e-02  1.915660e-01  0.000000e+00  0.000000e+00  2.370700e-02  1.000000e+00  1.000000e+00  0.000000e+00  0.000000e+00  0.000000e+00  2.500000e-01  1.000000e+00  1.000000e+00  0.000000e+00  0.000000e+00  0.000000e+00  2.500000e-01  1.000000e+00  1.000000e+00  0.000000e+00  0.000000e+00  0.000000e+00  2.500000e-01  1.000000e+00  1.000000e+00  0.000000e+00  0.000000e+00  0.000000e+00  2.500000e-01  
1.684070e+00  5.799700e-02  -2.652060e-01  0.000000e+00  0.000000e+00  2.363800e-02  3.156380e-01  1.300000e-02  1.939000e-01  0.000000e+00  0.000000e+00  2.363800e-02  1.000000e+00  1.000000e+00  0.000000e+00  0.000000e+00  0.000000e+00  2.500000e-01  1.000000e+00  1.000000e+00  0.000000e+00  0.000000e+00  0.000000e+00  2.500000e-01  1.000000e+00  1.000000e+00  0.000000e+00  0.000000e+00  0.000000e+00  2.500000e-01  1.000000e+00  1.000000e+00  0.000000e+00  0.000000e+00  0.000000e+00  2.500000e-01  
1.675370e+00  2.176800e-02  -2.638250e-01  0.000000e+00  0.000000e+00  2.379900e-02  3.353600e-01  1.260710e-01  1.947820e-01  0.000000e+00  0.000000e+00  2.379900e-02  1.000000e+00  1.000000e+00  0.000000e+00  0.000000e+00  0.000000e+00  2.500000e-01  1.000000e+00  1.000000e+00  0.000000e+00  0.000000e+00  0.000000e+00  2.500000e-01  1.000000e+00  1.000000e+00  0.000000e+00  0.000000e+00  0.000000e+00  2.500000e-01  1.000000e+00  1.000000e+00  0.000000e+00  0.000000e+00  0.000000e+00  2.500000e-01  
1.693630e+00  6.855900e-02  -2.591070e-01  0.000000e+00  0.000000e+00  2.360600e-02  3.143060e-01  7.576000e-03  1.945820e-01  0.000000e+00  0.000000e+00  2.360600e-02  1.000000e+00  1.000000e+00  0.000000e+00  0.000000e+00  0.000000e+00  2.500000e-01  1.000000e+00  1.000000e+00  0.000000e+00  0.000000e+00  0.000000e+00  2.500000e-01  1.000000e+00  1.000000e+00  0.000000e+00  0.000000e+00  0.000000e+00  2.500000e-01  1.000000e+00  1.000000e+00  0.000000e+00  0.000000e+00  0.000000e+00  2.500000e-01  
1.690770e+00  4.239600e-02  -2.641530e-01  0.000000e+00  0.000000e+00  2.368300e-02  3.157510e-01  5.183600e-02  1.908460e-01  0.000000e+00  0.000000e+00  2.368300e-02  1.000000e+00  1.000000e+00  0.000000e+00  0.000000e+00  0.000000e+00  2.500000e-01  1.000000e+00  1.000000e+00  0.000000e+00  0.000000e+00  0.000000e+00  2.500000e-01  1.000000e+00  1.000000e+00  0.000000e+00  0.000000e+00  0.000000e+00  2.500000e-01  1.000000e+00  1.000000e+00  0.000000e+00  0.000000e+00  0.000000e+00  2.500000e-01  
1.702510e+00  1.194700e-02  -2.686920e-01  0.000000e+00  0.000000e+00  2.379100e-02  3.297740e-01  1.056910e-01  1.949130e-01  0.000000e+00  0.000000e+00  2.379100e-02  1.000000e+00  1.000000e+00  0.000000e+00  0.000000e+00  0.000000e+00  2.500000e-01  1.000000e+00  1.000000e+00  0.000000e+00  0.000000e+00  0.000000e+00  2.500000e-01  1.000000e+00  1.000000e+00  0.000000e+00  0.000000e+00  0.000000e+00  2.500000e-01  1.000000e+00  1.000000e+00  0.000000e+00  0.000000e+00  0.000000e+00  2.500000e-01  
1.706930e+00  1.828400e-02  -2.664670e-01  0.000000e+00  0.000000e+00  2.367400e-02  3.241950e-01  1.105880e-01  1.932650e-01  0.000000e+00  0.000000e+00  2.367400e-02  1.000000e+00  1.000000e+00  0.000000e+00  0.000000e+00  0.000000e+00  2.500000e-01  1.000000e+00  1.000000e+00  0.000000e+00  0.000000e+00  0.000000e+00  2.500000e-01  1.000000e+00  1.000000e+00  0.000000e+00  0.000000e+00  0.000000e+00  2.500000e-01  1.000000e+00  1.000000e+00  0.000000e+00  0.000000e+00  0.000000e+00  2.500000e-01  
1.692310e+00  2.483300e-02  -2.642700e-01  0.000000e+00  0.000000e+00  2.377900e-02  3.245680e-01  8.640500e-02  1.931220e-01  0.000000e+00  0.000000e+00  2.377900e-02  1.000000e+00  1.000000e+00  0.000000e+00  0.000000e+00  0.000000e+00  2.500000e-01  1.000000e+00  1.000000e+00  0.000000e+00  0.000000e+00  0.000000e+00  2.500000e-01  1.000000e+00  1.000000e+00  0.000000e+00  0.000000e+00  0.000000e+00  2.500000e-01  1.000000e+00  1.000000e+00  0.000000e+00  0.000000e+00  0.000000e+00  2.500000e-01  
1.699650e+00  2.154300e-02  -2.623870e-01  0.000000e+00  0.000000e+00  2.373300e-02  3.295760e-01  9.119500e-02  1.954490e-01  0.000000e+00  0.000000e+00  2.373300e-02  1.000000e+00  1.000000e+00  0.000000e+00  0.000000e+00  0.000000e+00  2.500000e-01  1.000000e+00  1.000000e+00  0.000000e+00  0.000000e+00  0.000000e+00  2.500000e-01  1.000000e+00  1.000000e+00  0.000000e+00  0.000000e+00  0.000000e+00  2.500000e-01  1.000000e+00  1.000000e+00  0.000000e+00  0.000000e+00  0.000000e+00  2.500000e-01  
1.689210e+00  1.666000e-03  -2.651670e-01  0.000000e+00  0.000000e+00  2.374000e-02  3.358320e-01  1.505840e-01  1.997610e-01  0.000000e+00  0.000000e+00  2.374000e-02  1.000000e+00  1.000000e+00  0.000000e+00  0.000000e+00  0.000000e+00  2.500000e-01  1.000000e+00  1.000000e+00  0.000000e+00  0.000000e+00  0.000000e+00  2.500000e-01  1.000000e+00  1.000000e+00  0.000000e+00  0.000000e+00  0.000000e+00  2.500000e-01  1.000000e+00  1.000000e+00  0.000000e+00  0.000000e+00  0.000000e+00  2.500000e-01  
1.695420e+00  1.925000e-02  -2.612680e-01  0.000000e+00  0.000000e+00  2.360900e-02  3.160140e-01  5.893000e-03  1.960270e-01  0.000000e+00  0.000000e+00  2.360900e-02  1.000000e+00  1.000000e+00  0.000000e+00  0.000000e+00  0.000000e+00  2.500000e-01  1.000000e+00  1.000000e+00  0.000000e+00  0.000000e+00  0.000000e+00  2.500000e-01  1.000000e+00  1.000000e+00  0.000000e+00  0.000000e+00  0.000000e+00  2.500000e-01  1.000000e+00  1.000000e+00  0.000000e+00  0.000000e+00  0.000000e+00  2.500000e-01  
1.696180e+00  2.548200e-02  -2.628590e-01  0.000000e+00  0.000000e+00  2.372500e-02  3.298070e-01  1.051700e-01  1.967900e-01  0.000000e+00  0.000000e+00  2.372500e-02  1.000000e+00  1.000000e+00  0.000000e+00  0.000000e+00  0.000000e+00  2.500000e-01  1.000000e+00  1.000000e+00  0.000000e+00  0.000000e+00  0.000000e+00  2.500000e-01  1.000000e+00  1.000000e+00  0.000000e+00  0.000000e+00  0.000000e+00  2.500000e-01  1.000000e+00  1.000000e+00  0.000000e+00  0.000000e+00  0.000000e+00  2.500000e-01  
1.693690e+00  4.200000e-04  -2.623740e-01  0.000000e+00  0.000000e+00  2.350600e-02  3.186440e-01  2.193000e-02  1.946690e-01  0.000000e+00  0.000000e+00  2.350600e-02  1.000000e+00  1.000000e+00  0.000000e+00  0.000000e+00  0.000000e+00  2.500000e-01  1.000000e+00  1.000000e+00  0.000000e+00  0.000000e+00  0.000000e+00  2.500000e-01  1.000000e+00  1.000000e+00  0.000000e+00  0.000000e+00  0.000000e+00  2.500000e-01  1.000000e+00  1.000000e+00  0.000000e+00  0.000000e+00  0.000000e+00  2.500000e-01  
1.683510e+00  3.672900e-02  -2.613450e-01  0.000000e+00  0.000000e+00  2.365900e-02  3.228860e-01  5.899500e-02  1.939940e-01  0.000000e+00  0.000000e+00  2.365900e-02  1.000000e+00  1.000000e+00  0.000000e+00  0.000000e+00  0.000000e+00  2.500000e-01  1.000000e+00  1.000000e+00  0.000000e+00  0.000000e+00  0.000000e+00  2.500000e-01  1.000000e+00  1.000000e+00  0.000000e+00  0.000000e+00  0.000000e+00  2.500000e-01  1.000000e+00  1.000000e+00  0.000000e+00  0.000000e+00  0.000000e+00  2.500000e-01  
1.696920e+00  5.571400e-02  -2.688050e-01  0.000000e+00  0.000000e+00  2.364000e-02  3.249910e-01  8.060000e-02  1.941190e-01  0.000000e+00  0.000000e+00  2.364000e-02  1.000000e+00  1.000000e+00  0.000000e+00  0.000000e+00  0.000000e+00  2.500000e-01  1.000000e+00  1.000000e+00  0.000000e+00  0.000000e+00  0.000000e+00  2.500000e-01  1.000000e+00  1.000000e+00  0.000000e+00  0.000000e+00  0.000000e+00  2.500000e-01  1.000000e+00  1.000000e+00  0.000000e+00  0.000000e+00  0.000000e+00  2.500000e-01  
1.697590e+00  1.078200e-02  -2.651120e-01  0.000000e+00  0.000000e+00  2.356300e-02  3.230860e-01  2.502900e-02  1.981860e-01  0.000000e+00  0.000000e+00  2.356300e-02  1.000000e+00  1.000000e+00  0.000000e+00  0.000000e+00  0.000000e+00  2.500000e-01  1.000000e+00  1.000000e+00  0.000000e+00  0.000000e+00  0.000000e+00  2.500000e-01  1.000000e+00  1.000000e+00  0.000000e+00  0.000000e+00  0.000000e+00  2.500000e-01  1.000000e+00  1.000000e+00  0.000000e+00  0.000000e+00  0.000000e+00  2.500000e-01  
1.690400e+00  2.911800e-02  -2.586860e-01  0.000000e+00  0.000000e+00  2.358000e-02  3.181530e-01  1.991800e-02  1.955040e-01  0.000000e+00  0.000000e+00  2.358000e-02  1.000000e+00  1.000000e+00  0.000000e+00  0.000000e+00  0.000000e+00  2.500000e-01  1.000000e+00  1.000000e+00  0.000000e+00  0.000000e+00  0.000000e+00  2.500000e-01  1.000000e+00  1.000000e+00  0.000000e+00  0.000000e+00  0.000000e+00  2.500000e-01  1.000000e+00  1.000000e+00  0.000000e+00  0.000000e+00  0.000000e+00  2.500000e-01  
1.692290e+00  2.668000e-03  -2.580320e-01  0.000000e+00  0.000000e+00  2.363600e-02  3.190940e-01  7.740000e-03  1.949590e-01  0.000000e+00  0.000000e+00  2.363600e-02  1.000000e+00  1.000000e+00  0.000000e+00  0.000000e+00  0.000000e+00  2.500000e-01  1.000000e+00  1.000000e+00  0.000000e+00  0.000000e+00  0.000000e+00  2.500000e-01  1.000000e+00  1.000000e+00  0.000000e+00  0.000000e+00  0.000000e+00  2.500000e-01  1.000000e+00  1.000000e+00  0.000000e+00  0.000000e+00  0.000000e+00  2.500000e-01  
1.696530e+00  4.416000e-02  -2.619430e-01  0.000000e+00  0.000000e+00  2.356800e-02  3.204870e-01  2.036500e-02  1.929590e-01  0.000000e+00  0.000000e+00  2.356800e-02  1.000000e+00  1.000000e+00  0.000000e+00  0.000000e+00  0.000000e+00  2.500000e-01  1.000000e+00  1.000000e+00  0.000000e+00  0.000000e+00  0.000000e+00  2.500000e-01  1.000000e+00  1.000000e+00  0.000000e+00  0.000000e+00  0.000000e+00  2.500000e-01  1.000000e+00  1.000000e+00  0.000000e+00  0.000000e+00  0.000000e+00  2.500000e-01  
1.704920e+00  2.695000e-02  -2.618880e-01  0.000000e+00  0.000000e+00  2.358100e-02  3.168590e-01  6.581000e-02  1.942200e-01  0.000000e+00  0.000000e+00  2.358100e-02  1.000000e+00  1.000000e+00  0.000000e+00  0.000000e+00  0.000000e+00  2.500000e-01  1.000000e+00  1.000000e+00  0.000000e+00  0.000000e+00  0.000000e+00  2.500000e-01  1.000000e+00  1.000000e+00  0.000000e+00  0.000000e+00  0.000000e+00  2.500000e-01  1.000000e+00  1.000000e+00  0.000000e+00  0.000000e+00  0.000000e+00  2.500000e-01  
1.687600e+00  3.381600e-02  -2.608030e-01  0.000000e+00  0.000000e+00  2.362400e-02  3.303990e-01  8.572700e-02  1.965590e-01  0.000000e+00  0.000000e+00  2.362400e-02  1.000000e+00  1.000000e+00  0.000000e+00  0.000000e+00  0.000000e+00  2.500000e-01  1.000000e+00  1.000000e+00  0.000000e+00  0.000000e+00  0.000000e+00  2.500000e-01  1.000000e+00  1.000000e+00  0.000000e+00  0.000000e+00  0.000000e+00  2.500000e-01  1.000000e+00  1.000000e+00  0.000000e+00  0.000000e+00  0.000000e+00  2.500000e-01  
1.697850e+00  4.061000e-02  -2.671730e-01  0.000000e+00  0.000000e+00  2.367200e-02  3.167660e-01  6.538800e-02  1.952040e-01  0.000000e+00  0.000000e+00  2.367200e-02  1.000000e+00  1.000000e+00  0.000000e+00  0.000000e+00  0.000000e+00  2.500000e-01  1.000000e+00  1.000000e+00  0.000000e+00  0.000000e+00  0.000000e+00  2.500000e-01  1.000000e+00  1.000000e+00  0.000000e+00  0.000000e+00  0.000000e+00  2.500000e-01  1.000000e+00  1.000000e+00  0.000000e+00  0.000000e+00  0.000000e+00  2.500000e-01  
1.700300e+00  5.491500e-02  -2.653980e-01  0.000000e+00  0.000000e+00  2.362000e-02  3.215660e-01  3.720000e-04  1.962840e-01  0.000000e+00  0.000000e+00  2.362000e-02  1.000000e+00  1.000000e+00  0.000000e+00  0.000000e+00  0.000000e+00  2.500000e-01  1.000000e+00  1.000000e+00  0.000000e+00  0.000000e+00  0.000000e+00  2.500000e-01  1.000000e+00  1.000000e+00  0.000000e+00  0.000000e+00  0.000000e+00  2.500000e-01  1.000000e+00  1.000000e+00  0.000000e+00  0.000000e+00  0.000000e+00  2.500000e-01  
1.683940e+00  8.075000e-03  -2.618800e-01  0.000000e+00  0.000000e+00  2.360500e-02  3.238200e-01  1.013200e-02  1.952290e-01  0.000000e+00  0.000000e+00  2.360500e-02  1.000000e+00  1.000000e+00  0.000000e+00  0.000000e+00  0.000000e+00  2.500000e-01  1.000000e+00  1.000000e+00  0.000000e+00  0.000000e+00  0.000000e+00  2.500000e-01  1.000000e+00  1.000000e+00  0.000000e+00  0.000000e+00  0.000000e+00  2.500000e-01  1.000000e+00  1.000000e+00  0.000000e+00  0.000000e+00  0.000000e+00  2.500000e-01  
1.708700e+00  8.103000e-03  -2.645380e-01  0.000000e+00  0.000000e+00  2.363200e-02  3.111750e-01  1.573300e-02  1.916930e-01  0.000000e+00  0.000000e+00  2.363200e-02  1.000000e+00  1.000000e+00  0.000000e+00  0.000000e+00  0.000000e+00  2.500000e-01  1.000000e+00  1.000000e+00  0.000000e+00  0.000000e+00  0.000000e+00  2.500000e-01  1.000000e+00  1.000000e+00  0.000000e+00  0.000000e+00  0.000000e+00  2.500000e-01  1.000000e+00  1.000000e+00  0.000000e+00  0.000000e+00  0.000000e+00  2.500000e-01  
1.690110e+00  6.931000e-03  -2.622760e-01  0.000000e+00  0.000000e+00  2.356800e-02  3.203260e-01  6.188000e-03  1.954040e-01  0.000000e+00  0.000000e+00  2.356800e-02  1.000000e+00  1.000000e+00  0.000000e+00  0.000000e+00  0.000000e+00  2.500000e-01  1.000000e+00  1.000000e+00  0.000000e+00  0.000000e+00  0.000000e+00  2.500000e-01  1.000000e+00  1.000000e+00  0.000000e+00  0.000000e+00  0.000000e+00  2.500000e-01  1.000000e+00  1.000000e+00  0.000000e+00  0.000000e+00  0.000000e+00  2.500000e-01  
1.694250e+00  3.120300e-02  -2.666700e-01  0.000000e+00  0.000000e+00  2.374600e-02  3.244820e-01  1.057100e-01  1.966860e-01  0.000000e+00  0.000000e+00  2.374600e-02  1.000000e+00  1.000000e+00  0.000000e+00  0.000000e+00  0.000000e+00  2.500000e-01  1.000000e+00  1.000000e+00  0.000000e+00  0.000000e+00  0.000000e+00  2.500000e-01  1.000000e+00  1.000000e+00  0.000000e+00  0.000000e+00  0.000000e+00  2.500000e-01  1.000000e+00  1.000000e+00  0.000000e+00  0.000000e+00  0.000000e+00  2.500000e-01  
1.693170e+00  1.146700e-02  -2.607100e-01  0.000000e+00  0.000000e+00  2.366500e-02  3.129370e-01  7.177000e-03  1.933110e-01  0.000000e+00  0.000000e+00  2.366500e-02  1.000000e+00  1.000000e+00  0.000000e+00  0.000000e+00  0.000000e+00  2.500000e-01  1.000000e+00  1.000000e+00  0.000000e+00  0.000000e+00  0.000000e+00  2.500000e-01  1.000000e+00  1.000000e+00  0.000000e+00  0.000000e+00  0.000000e+00  2.500000e-01  1.000000e+00  1.000000e+00  0.000000e+00  0.000000e+00  0.000000e+00  2.500000e-01  
1.689850e+00  4.671100e-02  -2.652840e-01  0.000000e+00  0.000000e+00  2.376400e-02  3.226460e-01  7.226900e-02  1.938540e-01  0.000000e+00  0.000000e+00  2.376400e-02  1.000000e+00  1.000000e+00  0.000000e+00  0.000000e+00  0.000000e+00  2.500000e-01  1.000000e+00  1.000000e+00  0.000000e+00  0.000000e+00  0.000000e+00  2.500000e-01  1.000000e+00  1.000000e+00  0.000000e+00  0.000000e+00  0.000000e+00  2.500000e-01  1.000000e+00  1.000000e+00  0.000000e+00  0.000000e+00  0.000000e+00  2.500000e-01  
1.696390e+00  3.132700e-02  -2.672440e-01  0.000000e+00  0.000000e+00  2.365500e-02  3.166900e-01  6.175200e-02  1.932250e-01  0.000000e+00  0.000000e+00  2.365500e-02  1.000000e+00  1.000000e+00  0.000000e+00  0.000000e+00  0.000000e+00  2.500000e-01  1.000000e+00  1.000000e+00  0.000000e+00  0.000000e+00  0.000000e+00  2.500000e-01  1.000000e+00  1.000000e+00  0.000000e+00  0.000000e+00  0.000000e+00  2.500000e-01  1.000000e+00  1.000000e+00  0.000000e+00  0.000000e+00  0.000000e+00  2.500000e-01  
1.691660e+00  1.962500e-02  -2.646560e-01  0.000000e+00  0.000000e+00  2.363900e-02  3.166440e-01  4.326800e-02  1.940870e-01  0.000000e+00  0.000000e+00  2.363900e-02  1.000000e+00  1.000000e+00  0.000000e+00  0.000000e+00  0.000000e+00  2.500000e-01  1.000000e+00  1.000000e+00  0.000000e+00  0.000000e+00  0.000000e+00  2.500000e-01  1.000000e+00  1.000000e+00  0.000000e+00  0.000000e+00  0.000000e+00  2.500000e-01  1.000000e+00  1.000000e+00  0.000000e+00  0.000000e+00  0.000000e+00  2.500000e-01  
1.707110e+00  4.736100e-02  -2.649010e-01  0.000000e+00  0.000000e+00  2.359900e-02  3.137290e-01  6.162200e-02  1.951800e-01  0.000000e+00  0.000000e+00  2.359900e-02  1.000000e+00  1.000000e+00  0.000000e+00  0.000000e+00  0.000000e+00  2.500000e-01  1.000000e+00  1.000000e+00  0.000000e+00  0.000000e+00  0.000000e+00  2.500000e-01  1.000000e+00  1.000000e+00  0.000000e+00  0.000000e+00  0.000000e+00  2.500000e-01  1.000000e+00  1.000000e+00  0.000000e+00  0.000000e+00  0.000000e+00  2.500000e-01  
1.689420e+00  3.373400e-02  -2.643910e-01  0.000000e+00  0.000000e+00  2.373500e-02  3.215190e-01  7.298000e-02  1.947300e-01  0.000000e+00  0.000000e+00  2.373500e-02  1.000000e+00  1.000000e+00  0.000000e+00  0.000000e+00  0.000000e+00  2.500000e-01  1.000000e+00  1.000000e+00  0.000000e+00  0.000000e+00  0.000000e+00  2.500000e-01  1.000000e+00  1.000000e+00  0.000000e+00  0.000000e+00  0.000000e+00  2.500000e-01  1.000000e+00  1.000000e+00  0.000000e+00  0.000000e+00  0.000000e+00  2.500000e-01  
1.692130e+00  5.464800e-02  -2.623020e-01  0.000000e+00  0.000000e+00  2.372800e-02  3.232420e-01  7.257300e-02  1.961730e-01  0.000000e+00  0.000000e+00  2.372800e-02  1.000000e+00  1.000000e+00  0.000000e+00  0.000000e+00  0.000000e+00  2.500000e-01  1.000000e+00  1.000000e+00  0.000000e+00  0.000000e+00  0.000000e+00  2.500000e-01  1.000000e+00  1.000000e+00  0.000000e+00  0.000000e+00  0.000000e+00  2.500000e-01  1.000000e+00  1.000000e+00  0.000000e+00  0.000000e+00  0.000000e+00  2.500000e-01  
1.701760e+00  3.382300e-02  -2.619710e-01  0.000000e+00  0.000000e+00  2.359100e-02  3.201190e-01  4.635000e-03  1.955850e-01  0.000000e+00  0.000000e+00  2.359100e-02  1.000000e+00  1.000000e+00  0.000000e+00  0.000000e+00  0.000000e+00  2.500000e-01  1.000000e+00  1.000000e+00  0.000000e+00  0.000000e+00  0.000000e+00  2.500000e-01  1.000000e+00  1.000000e+00  0.000000e+00  0.000000e+00  0.000000e+00  2.500000e-01  1.000000e+00  1.000000e+00  0.000000e+00  0.000000e+00  0.000000e+00  2.500000e-01  
1.699390e+00  1.170000e-04  -2.673150e-01  0.000000e+00  0.000000e+00  2.366900e-02  3.268570e-01  8.766000e-02  1.970320e-01  0.000000e+00  0.000000e+00  2.366900e-02  1.000000e+00  1.000000e+00  0.000000e+00  0.000000e+00  0.000000e+00  2.500000e-01  1.000000e+00  1.000000e+00  0.000000e+00  0.000000e+00  0.000000e+00  2.500000e-01  1.000000e+00  1.000000e+00  0.000000e+00  0.000000e+00  0.000000e+00  2.500000e-01  1.000000e+00  1.000000e+00  0.000000e+00  0.000000e+00  0.000000e+00  2.500000e-01  
1.702800e+00  5.824300e-02  -2.644690e-01  0.000000e+00  0.000000e+00  2.364800e-02  3.121880e-01  5.402400e-02  1.927440e-01  0.000000e+00  0.000000e+00  2.364800e-02  1.000000e+00  1.000000e+00  0.000000e+00  0.000000e+00  0.000000e+00  2.500000e-01  1.000000e+00  1.000000e+00  0.000000e+00  0.000000e+00  0.000000e+00  2.500000e-01  1.000000e+00  1.000000e+00  0.000000e+00  0.000000e+00  0.000000e+00  2.500000e-01  1.000000e+00  1.000000e+00  0.000000e+00  0.000000e+00  0.000000e+00  2.500000e-01  
1.684670e+00  3.204600e-02  -2.626490e-01  0.000000e+00  0.000000e+00  2.367100e-02  3.236700e-01  1.004350e-01  1.968890e-01  0.000000e+00  0.000000e+00  2.367100e-02  1.000000e+00  1.000000e+00  0.000000e+00  0.000000e+00  0.000000e+00  2.500000e-01  1.000000e+00  1.000000e+00  0.000000e+00  0.000000e+00  0.000000e+00  2.500000e-01  1.000000e+00  1.000000e+00  0.000000e+00  0.000000e+00  0.000000e+00  2.500000e-01  1.000000e+00  1.000000e+00  0.000000e+00  0.000000e+00  0.000000e+00  2.500000e-01  
1.695860e+00  8.780520e-09  -2.619710e-01  0.000000e+00  0.000000e+00  2.427190e-02  3.206010e-01  3.649570e-03  1.783840e-01  0.000000e+00  0.000000e+00  2.427190e-02  1.000000e+00  1.000000e+00  0.000000e+00  0.000000e+00  0.000000e+00  2.500000e-01  1.000000e+00  1.000000e+00  0.000000e+00  0.000000e+00  0.000000e+00  2.500000e-01  1.000000e+00  1.000000e+00  0.000000e+00  0.000000e+00  0.000000e+00  2.500000e-01  1.000000e+00  1.000000e+00  0.000000e+00  0.000000e+00  0.000000e+00  2.500000e-01  
1.695860e+00  1.468310e-06  -2.619340e-01  0.000000e+00  0.000000e+00  2.427190e-02  3.208590e-01  3.613900e-03  1.784330e-01  0.000000e+00  0.000000e+00  2.427190e-02  1.000000e+00  1.000000e+00  0.000000e+00  0.000000e+00  0.000000e+00  2.500000e-01  1.000000e+00  1.000000e+00  0.000000e+00  0.000000e+00  0.000000e+00  2.500000e-01  1.000000e+00  1.000000e+00  0.000000e+00  0.000000e+00  0.000000e+00  2.500000e-01  1.000000e+00  1.000000e+00  0.000000e+00  0.000000e+00  0.000000e+00  2.500000e-01  
1.695860e+00  1.468310e-06  -2.619710e-01  0.000000e+00  0.000000e+00  2.427190e-02  3.206010e-01  3.613900e-03  1.783810e-01  0.000000e+00  0.000000e+00  2.427190e-02  1.000000e+00  1.000000e+00  0.000000e+00  0.000000e+00  0.000000e+00  2.500000e-01  1.000000e+00  1.000000e+00  0.000000e+00  0.000000e+00  0.000000e+00  2.500000e-01  1.000000e+00  1.000000e+00  0.000000e+00  0.000000e+00  0.000000e+00  2.500000e-01  1.000000e+00  1.000000e+00  0.000000e+00  0.000000e+00  0.000000e+00  2.500000e-01  
1.695860e+00  1.754120e-06  -2.619710e-01  0.000000e+00  0.000000e+00  2.361660e-02  3.206010e-01  3.613900e-03  1.826840e-01  0.000000e+00  0.000000e+00  2.361660e-02  1.000000e+00  1.000000e+00  0.000000e+00  0.000000e+00  0.000000e+00  2.500000e-01  1.000000e+00  1.000000e+00  0.000000e+00  0.000000e+00  0.000000e+00  2.500000e-01  1.000000e+00  1.000000e+00  0.000000e+00  0.000000e+00  0.000000e+00  2.500000e-01  1.000000e+00  1.000000e+00  0.000000e+00  0.000000e+00  0.000000e+00  2.500000e-01  
1.695860e+00  1.468310e-06  -2.619710e-01  0.000000e+00  0.000000e+00  2.361660e-02  3.206010e-01  3.748710e-03  1.826850e-01  0.000000e+00  0.000000e+00  2.361660e-02  1.000000e+00  1.000000e+00  0.000000e+00  0.000000e+00  0.000000e+00  2.500000e-01  1.000000e+00  1.000000e+00  0.000000e+00  0.000000e+00  0.000000e+00  2.500000e-01  1.000000e+00  1.000000e+00  0.000000e+00  0.000000e+00  0.000000e+00  2.500000e-01  1.000000e+00  1.000000e+00  0.000000e+00  0.000000e+00  0.000000e+00  2.500000e-01  
1.695870e+00  2.996370e-03  -2.619700e-01  0.000000e+00  0.000000e+00  2.361660e-02  2.748450e-01  3.613900e-03  1.952200e-01  0.000000e+00  0.000000e+00  2.361660e-02  1.000000e+00  1.000000e+00  0.000000e+00  0.000000e+00  0.000000e+00  2.500000e-01  1.000000e+00  1.000000e+00  0.000000e+00  0.000000e+00  0.000000e+00  2.500000e-01  1.000000e+00  1.000000e+00  0.000000e+00  0.000000e+00  0.000000e+00  2.500000e-01  1.000000e+00  1.000000e+00  0.000000e+00  0.000000e+00  0.000000e+00  2.500000e-01  
1.697680e+00  6.408080e-07  -2.576700e-01  0.000000e+00  0.000000e+00  2.361660e-02  3.133640e-01  3.596510e-03  2.070450e-01  0.000000e+00  0.000000e+00  2.361660e-02  1.000000e+00  1.000000e+00  0.000000e+00  0.000000e+00  0.000000e+00  2.500000e-01  1.000000e+00  1.000000e+00  0.000000e+00  0.000000e+00  0.000000e+00  2.500000e-01  1.000000e+00  1.000000e+00  0.000000e+00  0.000000e+00  0.000000e+00  2.500000e-01  1.000000e+00  1.000000e+00  0.000000e+00  0.000000e+00  0.000000e+00  2.500000e-01  
1.707520e+00  1.466380e-06  -2.512370e-01  0.000000e+00  0.000000e+00  2.361600e-02  3.204060e-01  3.612710e-03  1.960270e-01  0.000000e+00  0.000000e+00  2.361600e-02  1.000000e+00  1.000000e+00  0.000000e+00  0.000000e+00  0.000000e+00  2.500000e-01  1.000000e+00  1.000000e+00  0.000000e+00  0.000000e+00  0.000000e+00  2.500000e-01  1.000000e+00  1.000000e+00  0.000000e+00  0.000000e+00  0.000000e+00  2.500000e-01  1.000000e+00  1.000000e+00  0.000000e+00  0.000000e+00  0.000000e+00  2.500000e-01  
1.695860e+00  1.454070e-06  -2.619710e-01  0.000000e+00  0.000000e+00  2.361610e-02  3.190430e-01  3.611610e-03  1.972310e-01  0.000000e+00  0.000000e+00  2.361610e-02  1.000000e+00  1.000000e+00  0.000000e+00  0.000000e+00  0.000000e+00  2.500000e-01  1.000000e+00  1.000000e+00  0.000000e+00  0.000000e+00  0.000000e+00  2.500000e-01  1.000000e+00  1.000000e+00  0.000000e+00  0.000000e+00  0.000000e+00  2.500000e-01  1.000000e+00  1.000000e+00  0.000000e+00  0.000000e+00  0.000000e+00  2.500000e-01  
1.707160e+00  1.781920e-06  -2.680040e-01  0.000000e+00  0.000000e+00  2.464840e-02  3.205140e-01  3.612980e-03  1.958360e-01  0.000000e+00  0.000000e+00  2.464840e-02  1.000000e+00  1.000000e+00  0.000000e+00  0.000000e+00  0.000000e+00  2.500000e-01  1.000000e+00  1.000000e+00  0.000000e+00  0.000000e+00  0.000000e+00  2.500000e-01  1.000000e+00  1.000000e+00  0.000000e+00  0.000000e+00  0.000000e+00  2.500000e-01  1.000000e+00  1.000000e+00  0.000000e+00  0.000000e+00  0.000000e+00  2.500000e-01  
1.695860e+00  1.468310e-06  -2.619800e-01  0.000000e+00  0.000000e+00  2.427190e-02  3.206010e-01  3.613900e-03  1.942180e-01  0.000000e+00  0.000000e+00  2.427190e-02  1.000000e+00  1.000000e+00  0.000000e+00  0.000000e+00  0.000000e+00  2.500000e-01  1.000000e+00  1.000000e+00  0.000000e+00  0.000000e+00  0.000000e+00  2.500000e-01  1.000000e+00  1.000000e+00  0.000000e+00  0.000000e+00  0.000000e+00  2.500000e-01  1.000000e+00  1.000000e+00  0.000000e+00  0.000000e+00  0.000000e+00  2.500000e-01  
1.695860e+00  1.468310e-06  -2.622850e-01  0.000000e+00  0.000000e+00  2.430070e-02  3.206010e-01  3.613900e-03  1.942180e-01  0.000000e+00  0.000000e+00  2.430070e-02  1.000000e+00  1.000000e+00  0.000000e+00  0.000000e+00  0.000000e+00  2.500000e-01  1.000000e+00  1.000000e+00  0.000000e+00  0.000000e+00  0.000000e+00  2.500000e-01  1.000000e+00  1.000000e+00  0.000000e+00  0.000000e+00  0.000000e+00  2.500000e-01  1.000000e+00  1.000000e+00  0.000000e+00  0.000000e+00  0.000000e+00  2.500000e-01  
1.695050e+00  1.468310e-06  -2.619710e-01  0.000000e+00  0.000000e+00  2.427190e-02  3.206010e-01  3.613900e-03  1.953130e-01  0.000000e+00  0.000000e+00  2.427190e-02  1.000000e+00  1.000000e+00  0.000000e+00  0.000000e+00  0.000000e+00  2.500000e-01  1.000000e+00  1.000000e+00  0.000000e+00  0.000000e+00  0.000000e+00  2.500000e-01  1.000000e+00  1.000000e+00  0.000000e+00  0.000000e+00  0.000000e+00  2.500000e-01  1.000000e+00  1.000000e+00  0.000000e+00  0.000000e+00  0.000000e+00  2.500000e-01  
1.695860e+00  2.364530e-03  -2.619710e-01  0.000000e+00  0.000000e+00  2.427190e-02  3.206010e-01  3.613900e-03  1.952200e-01  0.000000e+00  0.000000e+00  2.427190e-02  1.000000e+00  1.000000e+00  0.000000e+00  0.000000e+00  0.000000e+00  2.500000e-01  1.000000e+00  1.000000e+00  0.000000e+00  0.000000e+00  0.000000e+00  2.500000e-01  1.000000e+00  1.000000e+00  0.000000e+00  0.000000e+00  0.000000e+00  2.500000e-01  1.000000e+00  1.000000e+00  0.000000e+00  0.000000e+00  0.000000e+00  2.500000e-01  
1.699170e+00  1.468310e-06  -2.616520e-01  0.000000e+00  0.000000e+00  2.350790e-02  3.207010e-01  3.746900e-03  1.943000e-01  0.000000e+00  0.000000e+00  2.350790e-02  1.000000e+00  1.000000e+00  0.000000e+00  0.000000e+00  0.000000e+00  2.500000e-01  1.000000e+00  1.000000e+00  0.000000e+00  0.000000e+00  0.000000e+00  2.500000e-01  1.000000e+00  1.000000e+00  0.000000e+00  0.000000e+00  0.000000e+00  2.500000e-01  1.000000e+00  1.000000e+00  0.000000e+00  0.000000e+00  0.000000e+00  2.500000e-01  
1.695860e+00  1.468310e-06  -2.630910e-01  0.000000e+00  0.000000e+00  2.361660e-02  3.206010e-01  3.613900e-03  1.952200e-01  0.000000e+00  0.000000e+00  2.361660e-02  1.000000e+00  1.000000e+00  0.000000e+00  0.000000e+00  0.000000e+00  2.500000e-01  1.000000e+00  1.000000e+00  0.000000e+00  0.000000e+00  0.000000e+00  2.500000e-01  1.000000e+00  1.000000e+00  0.000000e+00  0.000000e+00  0.000000e+00  2.500000e-01  1.000000e+00  1.000000e+00  0.000000e+00  0.000000e+00  0.000000e+00  2.500000e-01  
1.695860e+00  1.468310e-06  -2.609690e-01  0.000000e+00  0.000000e+00  2.361660e-02  3.206010e-01  3.613900e-03  1.952130e-01  0.000000e+00  0.000000e+00  2.361660e-02  1.000000e+00  1.000000e+00  0.000000e+00  0.000000e+00  0.000000e+00  2.500000e-01  1.000000e+00  1.000000e+00  0.000000e+00  0.000000e+00  0.000000e+00  2.500000e-01  1.000000e+00  1.000000e+00  0.000000e+00  0.000000e+00  0.000000e+00  2.500000e-01  1.000000e+00  1.000000e+00  0.000000e+00  0.000000e+00  0.000000e+00  2.500000e-01  
1.695860e+00  1.468310e-06  -2.609650e-01  0.000000e+00  0.000000e+00  2.361720e-02  3.206010e-01  3.613900e-03  1.952200e-01  0.000000e+00  0.000000e+00  2.361720e-02  1.000000e+00  1.000000e+00  0.000000e+00  0.000000e+00  0.000000e+00  2.500000e-01  1.000000e+00  1.000000e+00  0.000000e+00  0.000000e+00  0.000000e+00  2.500000e-01  1.000000e+00  1.000000e+00  0.000000e+00  0.000000e+00  0.000000e+00  2.500000e-01  1.000000e+00  1.000000e+00  0.000000e+00  0.000000e+00  0.000000e+00  2.500000e-01  
1.695860e+00  1.468310e-06  -2.619840e-01  0.000000e+00  0.000000e+00  2.361660e-02  3.206010e-01  3.613900e-03  1.952200e-01  0.000000e+00  0.000000e+00  2.361660e-02  1.000000e+00  1.000000e+00  0.000000e+00  0.000000e+00  0.000000e+00  2.500000e-01  1.000000e+00  1.000000e+00  0.000000e+00  0.000000e+00  0.000000e+00  2.500000e-01  1.000000e+00  1.000000e+00  0.000000e+00  0.000000e+00  0.000000e+00  2.500000e-01  1.000000e+00  1.000000e+00  0.000000e+00  0.000000e+00  0.000000e+00  2.500000e-01  
1.695860e+00  1.468310e-06  -2.619710e-01  0.000000e+00  0.000000e+00  2.427190e-02  3.206010e-01  3.613900e-03  1.952320e-01  0.000000e+00  0.000000e+00  2.427190e-02  1.000000e+00  1.000000e+00  0.000000e+00  0.000000e+00  0.000000e+00  2.500000e-01  1.000000e+00  1.000000e+00  0.000000e+00  0.000000e+00  0.000000e+00  2.500000e-01  1.000000e+00  1.000000e+00  0.000000e+00  0.000000e+00  0.000000e+00  2.500000e-01  1.000000e+00  1.000000e+00  0.000000e+00  0.000000e+00  0.000000e+00  2.500000e-01  
1.695860e+00  2.479880e-02  -2.619710e-01  0.000000e+00  0.000000e+00  2.361660e-02  3.206010e-01  3.613900e-03  1.944980e-01  0.000000e+00  0.000000e+00  2.361660e-02  1.000000e+00  1.000000e+00  0.000000e+00  0.000000e+00  0.000000e+00  2.500000e-01  1.000000e+00  1.000000e+00  0.000000e+00  0.000000e+00  0.000000e+00  2.500000e-01  1.000000e+00  1.000000e+00  0.000000e+00  0.000000e+00  0.000000e+00  2.500000e-01  1.000000e+00  1.000000e+00  0.000000e+00  0.000000e+00  0.000000e+00  2.500000e-01  
1.695860e+00  2.460410e-02  -2.616080e-01  0.000000e+00  0.000000e+00  2.361660e-02  3.206010e-01  3.613900e-03  1.946720e-01  0.000000e+00  0.000000e+00  2.361660e-02  1.000000e+00  1.000000e+00  0.000000e+00  0.000000e+00  0.000000e+00  2.500000e-01  1.000000e+00  1.000000e+00  0.000000e+00  0.000000e+00  0.000000e+00  2.500000e-01  1.000000e+00  1.000000e+00  0.000000e+00  0.000000e+00  0.000000e+00  2.500000e-01  1.000000e+00  1.000000e+00  0.000000e+00  0.000000e+00  0.000000e+00  2.500000e-01  
1.697870e+00  1.468310e-06  -2.619710e-01  0.000000e+00  0.000000e+00  2.361660e-02  3.206010e-01  3.613900e-03  1.952200e-01  0.000000e+00  0.000000e+00  2.361660e-02  1.000000e+00  1.000000e+00  0.000000e+00  0.000000e+00  0.000000e+00  2.500000e-01  1.000000e+00  1.000000e+00  0.000000e+00  0.000000e+00  0.000000e+00  2.500000e-01  1.000000e+00  1.000000e+00  0.000000e+00  0.000000e+00  0.000000e+00  2.500000e-01  1.000000e+00  1.000000e+00  0.000000e+00  0.000000e+00  0.000000e+00  2.500000e-01  
1.695860e+00  1.572590e-06  -2.619710e-01  0.000000e+00  0.000000e+00  2.361660e-02  3.313200e-01  3.613900e-03  1.952200e-01  0.000000e+00  0.000000e+00  2.361660e-02  1.000000e+00  1.000000e+00  0.000000e+00  0.000000e+00  0.000000e+00  2.500000e-01  1.000000e+00  1.000000e+00  0.000000e+00  0.000000e+00  0.000000e+00  2.500000e-01  1.000000e+00  1.000000e+00  0.000000e+00  0.000000e+00  0.000000e+00  2.500000e-01  1.000000e+00  1.000000e+00  0.000000e+00  0.000000e+00  0.000000e+00  2.500000e-01  
1.695860e+00  1.222800e-02  -2.619710e-01  0.000000e+00  0.000000e+00  2.427190e-02  3.206010e-01  3.613900e-03  1.909570e-01  0.000000e+00  0.000000e+00  2.427190e-02  1.000000e+00  1.000000e+00  0.000000e+00  0.000000e+00  0.000000e+00  2.500000e-01  1.000000e+00  1.000000e+00  0.000000e+00  0.000000e+00  0.000000e+00  2.500000e-01  1.000000e+00  1.000000e+00  0.000000e+00  0.000000e+00  0.000000e+00  2.500000e-01  1.000000e+00  1.000000e+00  0.000000e+00  0.000000e+00  0.000000e+00  2.500000e-01  
1.695860e+00  1.468310e-06  -2.619510e-01  0.000000e+00  0.000000e+00  2.361660e-02  3.205950e-01  3.613900e-03  1.952300e-01  0.000000e+00  0.000000e+00  2.361660e-02  1.000000e+00  1.000000e+00  0.000000e+00  0.000000e+00  0.000000e+00  2.500000e-01  1.000000e+00  1.000000e+00  0.000000e+00  0.000000e+00  0.000000e+00  2.500000e-01  1.000000e+00  1.000000e+00  0.000000e+00  0.000000e+00  0.000000e+00  2.500000e-01  1.000000e+00  1.000000e+00  0.000000e+00  0.000000e+00  0.000000e+00  2.500000e-01  
1.695860e+00  1.404080e-06  -2.602960e-01  0.000000e+00  0.000000e+00  2.010490e-02  3.206010e-01  4.907880e-03  2.252470e-01  0.000000e+00  0.000000e+00  2.010490e-02  1.000000e+00  1.000000e+00  0.000000e+00  0.000000e+00  0.000000e+00  2.500000e-01  1.000000e+00  1.000000e+00  0.000000e+00  0.000000e+00  0.000000e+00  2.500000e-01  1.000000e+00  1.000000e+00  0.000000e+00  0.000000e+00  0.000000e+00  2.500000e-01  1.000000e+00  1.000000e+00  0.000000e+00  0.000000e+00  0.000000e+00  2.500000e-01  
1.695860e+00  1.468310e-06  -2.619710e-01  0.000000e+00  0.000000e+00  2.427190e-02  3.206010e-01  3.613900e-03  1.944220e-01  0.000000e+00  0.000000e+00  2.427190e-02  1.000000e+00  1.000000e+00  0.000000e+00  0.000000e+00  0.000000e+00  2.500000e-01  1.000000e+00  1.000000e+00  0.000000e+00  0.000000e+00  0.000000e+00  2.500000e-01  1.000000e+00  1.000000e+00  0.000000e+00  0.000000e+00  0.000000e+00  2.500000e-01  1.000000e+00  1.000000e+00  0.000000e+00  0.000000e+00  0.000000e+00  2.500000e-01  
1.695880e+00  1.468310e-06  -2.629670e-01  0.000000e+00  0.000000e+00  2.359490e-02  3.206400e-01  6.911920e-05  1.942220e-01  0.000000e+00  0.000000e+00  2.359490e-02  1.000000e+00  1.000000e+00  0.000000e+00  0.000000e+00  0.000000e+00  2.500000e-01  1.000000e+00  1.000000e+00  0.000000e+00  0.000000e+00  0.000000e+00  2.500000e-01  1.000000e+00  1.000000e+00  0.000000e+00  0.000000e+00  0.000000e+00  2.500000e-01  1.000000e+00  1.000000e+00  0.000000e+00  0.000000e+00  0.000000e+00  2.500000e-01  
1.695860e+00  1.468310e-06  -2.594170e-01  0.000000e+00  0.000000e+00  2.427190e-02  3.206010e-01  3.613900e-03  1.952200e-01  0.000000e+00  0.000000e+00  2.427190e-02  1.000000e+00  1.000000e+00  0.000000e+00  0.000000e+00  0.000000e+00  2.500000e-01  1.000000e+00  1.000000e+00  0.000000e+00  0.000000e+00  0.000000e+00  2.500000e-01  1.000000e+00  1.000000e+00  0.000000e+00  0.000000e+00  0.000000e+00  2.500000e-01  1.000000e+00  1.000000e+00  0.000000e+00  0.000000e+00  0.000000e+00  2.500000e-01  
1.597040e+00  1.468310e-06  -2.619710e-01  0.000000e+00  0.000000e+00  2.361660e-02  3.206010e-01  3.613900e-03  1.952200e-01  0.000000e+00  0.000000e+00  2.361660e-02  1.000000e+00  1.000000e+00  0.000000e+00  0.000000e+00  0.000000e+00  2.500000e-01  1.000000e+00  1.000000e+00  0.000000e+00  0.000000e+00  0.000000e+00  2.500000e-01  1.000000e+00  1.000000e+00  0.000000e+00  0.000000e+00  0.000000e+00  2.500000e-01  1.000000e+00  1.000000e+00  0.000000e+00  0.000000e+00  0.000000e+00  2.500000e-01  
1.596930e+00  1.468310e-06  -2.619710e-01  0.000000e+00  0.000000e+00  2.361660e-02  3.206010e-01  3.613900e-03  1.952200e-01  0.000000e+00  0.000000e+00  2.361660e-02  1.000000e+00  1.000000e+00  0.000000e+00  0.000000e+00  0.000000e+00  2.500000e-01  1.000000e+00  1.000000e+00  0.000000e+00  0.000000e+00  0.000000e+00  2.500000e-01  1.000000e+00  1.000000e+00  0.000000e+00  0.000000e+00  0.000000e+00  2.500000e-01  1.000000e+00  1.000000e+00  0.000000e+00  0.000000e+00  0.000000e+00  2.500000e-01  
1.596770e+00  1.468310e-06  -2.619710e-01  0.000000e+00  0.000000e+00  2.361660e-02  3.206010e-01  3.613900e-03  1.951970e-01  0.000000e+00  0.000000e+00  2.361660e-02  1.000000e+00  1.000000e+00  0.000000e+00  0.000000e+00  0.000000e+00  2.500000e-01  1.000000e+00  1.000000e+00  0.000000e+00  0.000000e+00  0.000000e+00  2.500000e-01  1.000000e+00  1.000000e+00  0.000000e+00  0.000000e+00  0.000000e+00  2.500000e-01  1.000000e+00  1.000000e+00  0.000000e+00  0.000000e+00  0.000000e+00  2.500000e-01  
1.680470e+00  1.460980e-06  -2.708480e-01  0.000000e+00  0.000000e+00  2.361660e-02  3.205990e-01  3.613900e-03  1.952190e-01  0.000000e+00  0.000000e+00  2.361660e-02  1.000000e+00  1.000000e+00  0.000000e+00  0.000000e+00  0.000000e+00  2.500000e-01  1.000000e+00  1.000000e+00  0.000000e+00  0.000000e+00  0.000000e+00  2.500000e-01  1.000000e+00  1.000000e+00  0.000000e+00  0.000000e+00  0.000000e+00  2.500000e-01  1.000000e+00  1.000000e+00  0.000000e+00  0.000000e+00  0.000000e+00  2.500000e-01  
1.596960e+00  1.468310e-06  -2.619710e-01  0.000000e+00  0.000000e+00  2.361660e-02  3.206160e-01  3.613900e-03  1.952190e-01  0.000000e+00  0.000000e+00  2.361660e-02  1.000000e+00  1.000000e+00  0.000000e+00  0.000000e+00  0.000000e+00  2.500000e-01  1.000000e+00  1.000000e+00  0.000000e+00  0.000000e+00  0.000000e+00  2.500000e-01  1.000000e+00  1.000000e+00  0.000000e+00  0.000000e+00  0.000000e+00  2.500000e-01  1.000000e+00  1.000000e+00  0.000000e+00  0.000000e+00  0.000000e+00  2.500000e-01  
1.695860e+00  1.468310e-06  -2.414310e-01  0.000000e+00  0.000000e+00  2.361660e-02  3.202500e-01  3.613900e-03  1.952200e-01  0.000000e+00  0.000000e+00  2.361660e-02  1.000000e+00  1.000000e+00  0.000000e+00  0.000000e+00  0.000000e+00  2.500000e-01  1.000000e+00  1.000000e+00  0.000000e+00  0.000000e+00  0.000000e+00  2.500000e-01  1.000000e+00  1.000000e+00  0.000000e+00  0.000000e+00  0.000000e+00  2.500000e-01  1.000000e+00  1.000000e+00  0.000000e+00  0.000000e+00  0.000000e+00  2.500000e-01  
1.695860e+00  1.468310e-06  -2.357900e-01  0.000000e+00  0.000000e+00  2.427190e-02  3.206010e-01  3.613900e-03  1.952200e-01  0.000000e+00  0.000000e+00  2.427190e-02  1.000000e+00  1.000000e+00  0.000000e+00  0.000000e+00  0.000000e+00  2.500000e-01  1.000000e+00  1.000000e+00  0.000000e+00  0.000000e+00  0.000000e+00  2.500000e-01  1.000000e+00  1.000000e+00  0.000000e+00  0.000000e+00  0.000000e+00  2.500000e-01  1.000000e+00  1.000000e+00  0.000000e+00  0.000000e+00  0.000000e+00  2.500000e-01  
1.695850e+00  1.468310e-06  -2.357570e-01  0.000000e+00  0.000000e+00  2.427190e-02  3.206010e-01  3.613900e-03  1.952200e-01  0.000000e+00  0.000000e+00  2.427190e-02  1.000000e+00  1.000000e+00  0.000000e+00  0.000000e+00  0.000000e+00  2.500000e-01  1.000000e+00  1.000000e+00  0.000000e+00  0.000000e+00  0.000000e+00  2.500000e-01  1.000000e+00  1.000000e+00  0.000000e+00  0.000000e+00  0.000000e+00  2.500000e-01  1.000000e+00  1.000000e+00  0.000000e+00  0.000000e+00  0.000000e+00  2.500000e-01  
1.695860e+00  4.560970e-07  -2.357710e-01  0.000000e+00  0.000000e+00  2.427190e-02  3.206010e-01  3.613900e-03  1.952200e-01  0.000000e+00  0.000000e+00  2.427190e-02  1.000000e+00  1.000000e+00  0.000000e+00  0.000000e+00  0.000000e+00  2.500000e-01  1.000000e+00  1.000000e+00  0.000000e+00  0.000000e+00  0.000000e+00  2.500000e-01  1.000000e+00  1.000000e+00  0.000000e+00  0.000000e+00  0.000000e+00  2.500000e-01  1.000000e+00  1.000000e+00  0.000000e+00  0.000000e+00  0.000000e+00  2.500000e-01  
1.695860e+00  1.468310e-06  -2.368200e-01  0.000000e+00  0.000000e+00  2.427190e-02  3.206010e-01  5.082960e-03  1.952200e-01  0.000000e+00  0.000000e+00  2.427190e-02  1.000000e+00  1.000000e+00  0.000000e+00  0.000000e+00  0.000000e+00  2.500000e-01  1.000000e+00  1.000000e+00  0.000000e+00  0.000000e+00  0.000000e+00  2.500000e-01  1.000000e+00  1.000000e+00  0.000000e+00  0.000000e+00  0.000000e+00  2.500000e-01  1.000000e+00  1.000000e+00  0.000000e+00  0.000000e+00  0.000000e+00  2.500000e-01  
