9.557310e-01  2.782620e-01  9.180310e-01  0.000000e+00  0.000000e+00  2.500000e-01  1.271710e+00  8.202740e+00  -9.998450e-01  0.000000e+00  0.000000e+00  2.500000e-01  1.000000e+00  1.000000e+00  0.000000e+00  0.000000e+00  0.000000e+00  2.500000e-01  1.000000e+00  1.000000e+00  0.000000e+00  0.000000e+00  0.000000e+00  2.500000e-01  1.000000e+00  1.000000e+00  0.000000e+00  0.000000e+00  0.000000e+00  2.500000e-01  1.000000e+00  1.000000e+00  0.000000e+00  0.000000e+00  0.000000e+00  2.500000e-01  
6.837670e-01  9.688820e-02  8.761130e-01  0.000000e+00  0.000000e+00  2.500000e-01  3.099020e+00  3.635560e+00  9.952770e-01  0.000000e+00  0.000000e+00  2.500000e-01  1.000000e+00  1.000000e+00  0.000000e+00  0.000000e+00  0.000000e+00  2.500000e-01  1.000000e+00  1.000000e+00  0.000000e+00  0.000000e+00  0.000000e+00  2.500000e-01  1.000000e+00  1.000000e+00  0.000000e+00  0.000000e+00  0.000000e+00  2.500000e-01  1.000000e+00  1.000000e+00  0.000000e+00  0.000000e+00  0.000000e+00  2.500000e-01  
7.084500e-01  1.031000e-01  9.551910e-01  0.000000e+00  0.000000e+00  2.500000e-01  2.674160e+00  5.163550e+00  9.979120e-01  0.000000e+00  0.000000e+00  2.500000e-01  1.000000e+00  1.000000e+00  0.000000e+00  0.000000e+00  0.000000e+00  2.500000e-01  1.000000e+00  1.000000e+00  0.000000e+00  0.000000e+00  0.000000e+00  2.500000e-01  1.000000e+00  1.000000e+00  0.000000e+00  0.000000e+00  0.000000e+00  2.500000e-01  1.000000e+00  1.000000e+00  0.000000e+00  0.000000e+00  0.000000e+00  2.500000e-01  
7.291580e-01  1.791210e-01  9.995540e-01  0.000000e+00  0.000000e+00  2.500000e-01  8.531050e+00  1.160820e+00  -8.561290e-01  0.000000e+00  0.000000e+00  2.500000e-01  1.000000e+00  1.000000e+00  0.000000e+00  0.000000e+00  0.000000e+00  2.500000e-01  1.000000e+00  1.000000e+00  0.000000e+00  0.000000e+00  0.000000e+00  2.500000e-01  1.000000e+00  1.000000e+00  0.000000e+00  0.000000e+00  0.000000e+00  2.500000e-01  1.000000e+00  1.000000e+00  0.000000e+00  0.000000e+00  0.000000e+00  2.500000e-01  
8.168970e-01  2.375970e+00  2.377900e-01  0.000000e+00  0.000000e+00  2.500000e-01  1.797260e+00  8.136880e+00  -1.000000e+00  0.000000e+00  0.000000e+00  2.500000e-01  1.000000e+00  1.000000e+00  0.000000e+00  0.000000e+00  0.000000e+00  2.500000e-01  1.000000e+00  1.000000e+00  0.000000e+00  0.000000e+00  0.000000e+00  2.500000e-01  1.000000e+00  1.000000e+00  0.000000e+00  0.000000e+00  0.000000e+00  2.500000e-01  1.000000e+00  1.000000e+00  0.000000e+00  0.000000e+00  0.000000e+00  2.500000e-01  
1.147130e+00  5.250660e+00  2.240730e-01  0.000000e+00  0.000000e+00  2.500000e-01  1.659060e+00  6.693090e+00  -1.000000e+00  0.000000e+00  0.000000e+00  2.500000e-01  1.000000e+00  1.000000e+00  0.000000e+00  0.000000e+00  0.000000e+00  2.500000e-01  1.000000e+00  1.000000e+00  0.000000e+00  0.000000e+00  0.000000e+00  2.500000e-01  1.000000e+00  1.000000e+00  0.000000e+00  0.000000e+00  0.000000e+00  2.500000e-01  1.000000e+00  1.000000e+00  0.000000e+00  0.000000e+00  0.000000e+00  2.500000e-01  
9.643790e-01  5.320910e-01  9.980340e-01  0.000000e+00  0.000000e+00  2.500000e-01  1.419120e+00  9.651120e+00  -3.219360e-01  0.000000e+00  0.000000e+00  2.500000e-01  1.000000e+00  1.000000e+00  0.000000e+00  0.000000e+00  0.000000e+00  2.500000e-01  1.000000e+00  1.000000e+00  0.000000e+00  0.000000e+00  0.000000e+00  2.500000e-01  1.000000e+00  1.000000e+00  0.000000e+00  0.000000e+00  0.000000e+00  2.500000e-01  1.000000e+00  1.000000e+00  0.000000e+00  0.000000e+00  0.000000e+00  2.500000e-01  
7.580920e-01  6.670070e-02  9.226270e-01  0.000000e+00  0.000000e+00  2.500000e-01  3.893940e-01  9.888440e+00  -3.794230e-01  0.000000e+00  0.000000e+00  2.500000e-01  1.000000e+00  1.000000e+00  0.000000e+00  0.000000e+00  0.000000e+00  2.500000e-01  1.000000e+00  1.000000e+00  0.000000e+00  0.000000e+00  0.000000e+00  2.500000e-01  1.000000e+00  1.000000e+00  0.000000e+00  0.000000e+00  0.000000e+00  2.500000e-01  1.000000e+00  1.000000e+00  0.000000e+00  0.000000e+00  0.000000e+00  2.500000e-01  
7.137680e-01  1.497160e-01  8.622430e-01  0.000000e+00  0.000000e+00  2.500000e-01  2.460480e+00  3.791670e+00  9.999900e-01  0.000000e+00  0.000000e+00  2.500000e-01  1.000000e+00  1.000000e+00  0.000000e+00  0.000000e+00  0.000000e+00  2.500000e-01  1.000000e+00  1.000000e+00  0.000000e+00  0.000000e+00  0.000000e+00  2.500000e-01  1.000000e+00  1.000000e+00  0.000000e+00  0.000000e+00  0.000000e+00  2.500000e-01  1.000000e+00  1.000000e+00  0.000000e+00  0.000000e+00  0.000000e+00  2.500000e-01  
6.853920e-01  6.131900e-02  9.240220e-01  0.000000e+00  0.000000e+00  2.500000e-01  2.110830e+00  6.361060e+00  -8.080930e-01  0.000000e+00  0.000000e+00  2.500000e-01  1.000000e+00  1.000000e+00  0.000000e+00  0.000000e+00  0.000000e+00  2.500000e-01  1.000000e+00  1.000000e+00  0.000000e+00  0.000000e+00  0.000000e+00  2.500000e-01  1.000000e+00  1.000000e+00  0.000000e+00  0.000000e+00  0.000000e+00  2.500000e-01  1.000000e+00  1.000000e+00  0.000000e+00  0.000000e+00  0.000000e+00  2.500000e-01  
6.883750e-01  2.330700e-02  8.760460e-01  0.000000e+00  0.000000e+00  2.500000e-01  1.542320e+00  6.947240e+00  -9.443800e-01  0.000000e+00  0.000000e+00  2.500000e-01  1.000000e+00  1.000000e+00  0.000000e+00  0.000000e+00  0.000000e+00  2.500000e-01  1.000000e+00  1.000000e+00  0.000000e+00  0.000000e+00  0.000000e+00  2.500000e-01  1.000000e+00  1.000000e+00  0.000000e+00  0.000000e+00  0.000000e+00  2.500000e-01  1.000000e+00  1.000000e+00  0.000000e+00  0.000000e+00  0.000000e+00  2.500000e-01  
6.967750e-01  6.873600e-02  7.653050e-01  0.000000e+00  0.000000e+00  2.500000e-01  1.584920e+00  6.206830e+00  -8.714970e-01  0.000000e+00  0.000000e+00  2.500000e-01  1.000000e+00  1.000000e+00  0.000000e+00  0.000000e+00  0.000000e+00  2.500000e-01  1.000000e+00  1.000000e+00  0.000000e+00  0.000000e+00  0.000000e+00  2.500000e-01  1.000000e+00  1.000000e+00  0.000000e+00  0.000000e+00  0.000000e+00  2.500000e-01  1.000000e+00  1.000000e+00  0.000000e+00  0.000000e+00  0.000000e+00  2.500000e-01  
6.761440e-01  3.951000e-02  6.930300e-01  0.000000e+00  0.000000e+00  2.500000e-01  1.580230e+00  6.965040e+00  -8.972560e-01  0.000000e+00  0.000000e+00  2.500000e-01  1.000000e+00  1.000000e+00  0.000000e+00  0.000000e+00  0.000000e+00  2.500000e-01  1.000000e+00  1.000000e+00  0.000000e+00  0.000000e+00  0.000000e+00  2.500000e-01  1.000000e+00  1.000000e+00  0.000000e+00  0.000000e+00  0.000000e+00  2.500000e-01  1.000000e+00  1.000000e+00  0.000000e+00  0.000000e+00  0.000000e+00  2.500000e-01  
7.168900e-01  6.837300e-02  9.124720e-01  0.000000e+00  0.000000e+00  2.500000e-01  1.572170e+00  8.142010e+00  -9.316590e-01  0.000000e+00  0.000000e+00  2.500000e-01  1.000000e+00  1.000000e+00  0.000000e+00  0.000000e+00  0.000000e+00  2.500000e-01  1.000000e+00  1.000000e+00  0.000000e+00  0.000000e+00  0.000000e+00  2.500000e-01  1.000000e+00  1.000000e+00  0.000000e+00  0.000000e+00  0.000000e+00  2.500000e-01  1.000000e+00  1.000000e+00  0.000000e+00  0.000000e+00  0.000000e+00  2.500000e-01  
7.039970e-01  6.490900e-02  7.985920e-01  0.000000e+00  0.000000e+00  2.500000e-01  1.773480e+00  7.023150e+00  -9.312250e-01  0.000000e+00  0.000000e+00  2.500000e-01  1.000000e+00  1.000000e+00  0.000000e+00  0.000000e+00  0.000000e+00  2.500000e-01  1.000000e+00  1.000000e+00  0.000000e+00  0.000000e+00  0.000000e+00  2.500000e-01  1.000000e+00  1.000000e+00  0.000000e+00  0.000000e+00  0.000000e+00  2.500000e-01  1.000000e+00  1.000000e+00  0.000000e+00  0.000000e+00  0.000000e+00  2.500000e-01  
6.841470e-01  4.023800e-02  9.069250e-01  0.000000e+00  0.000000e+00  2.500000e-01  2.054010e+00  7.116070e+00  -9.871090e-01  0.000000e+00  0.000000e+00  2.500000e-01  1.000000e+00  1.000000e+00  0.000000e+00  0.000000e+00  0.000000e+00  2.500000e-01  1.000000e+00  1.000000e+00  0.000000e+00  0.000000e+00  0.000000e+00  2.500000e-01  1.000000e+00  1.000000e+00  0.000000e+00  0.000000e+00  0.000000e+00  2.500000e-01  1.000000e+00  1.000000e+00  0.000000e+00  0.000000e+00  0.000000e+00  2.500000e-01  
6.947040e-01  5.307700e-02  6.516310e-01  0.000000e+00  0.000000e+00  2.500000e-01  1.902220e+00  7.463650e+00  -8.622090e-01  0.000000e+00  0.000000e+00  2.500000e-01  1.000000e+00  1.000000e+00  0.000000e+00  0.000000e+00  0.000000e+00  2.500000e-01  1.000000e+00  1.000000e+00  0.000000e+00  0.000000e+00  0.000000e+00  2.500000e-01  1.000000e+00  1.000000e+00  0.000000e+00  0.000000e+00  0.000000e+00  2.500000e-01  1.000000e+00  1.000000e+00  0.000000e+00  0.000000e+00  0.000000e+00  2.500000e-01  
6.960540e-01  7.679200e-02  8.095090e-01  0.000000e+00  0.000000e+00  2.500000e-01  1.770860e+00  7.005140e+00  -9.277200e-01  0.000000e+00  0.000000e+00  2.500000e-01  1.000000e+00  1.000000e+00  0.000000e+00  0.000000e+00  0.000000e+00  2.500000e-01  1.000000e+00  1.000000e+00  0.000000e+00  0.000000e+00  0.000000e+00  2.500000e-01  1.000000e+00  1.000000e+00  0.000000e+00  0.000000e+00  0.000000e+00  2.500000e-01  1.000000e+00  1.000000e+00  0.000000e+00  0.000000e+00  0.000000e+00  2.500000e-01  
6.944250e-01  7.112200e-02  8.126440e-01  0.000000e+00  0.000000e+00  2.500000e-01  1.715900e+00  7.358060e+00  -9.101650e-01  0.000000e+00  0.000000e+00  2.500000e-01  1.000000e+00  1.000000e+00  0.000000e+00  0.000000e+00  0.000000e+00  2.500000e-01  1.000000e+00  1.000000e+00  0.000000e+00  0.000000e+00  0.000000e+00  2.500000e-01  1.000000e+00  1.000000e+00  0.000000e+00  0.000000e+00  0.000000e+00  2.500000e-01  1.000000e+00  1.000000e+00  0.000000e+00  0.000000e+00  0.000000e+00  2.500000e-01  
6.805110e-01  5.146400e-02  7.715880e-01  0.000000e+00  0.000000e+00  2.500000e-01  1.710750e+00  6.661580e+00  -9.145220e-01  0.000000e+00  0.000000e+00  2.500000e-01  1.000000e+00  1.000000e+00  0.000000e+00  0.000000e+00  0.000000e+00  2.500000e-01  1.000000e+00  1.000000e+00  0.000000e+00  0.000000e+00  0.000000e+00  2.500000e-01  1.000000e+00  1.000000e+00  0.000000e+00  0.000000e+00  0.000000e+00  2.500000e-01  1.000000e+00  1.000000e+00  0.000000e+00  0.000000e+00  0.000000e+00  2.500000e-01  
6.877230e-01  5.776800e-02  7.368040e-01  0.000000e+00  0.000000e+00  2.500000e-01  1.720530e+00  7.619600e+00  -8.133530e-01  0.000000e+00  0.000000e+00  2.500000e-01  1.000000e+00  1.000000e+00  0.000000e+00  0.000000e+00  0.000000e+00  2.500000e-01  1.000000e+00  1.000000e+00  0.000000e+00  0.000000e+00  0.000000e+00  2.500000e-01  1.000000e+00  1.000000e+00  0.000000e+00  0.000000e+00  0.000000e+00  2.500000e-01  1.000000e+00  1.000000e+00  0.000000e+00  0.000000e+00  0.000000e+00  2.500000e-01  
6.935420e-01  4.600700e-02  9.981870e-01  0.000000e+00  0.000000e+00  2.500000e-01  1.577170e+00  6.036560e+00  -9.328200e-01  0.000000e+00  0.000000e+00  2.500000e-01  1.000000e+00  1.000000e+00  0.000000e+00  0.000000e+00  0.000000e+00  2.500000e-01  1.000000e+00  1.000000e+00  0.000000e+00  0.000000e+00  0.000000e+00  2.500000e-01  1.000000e+00  1.000000e+00  0.000000e+00  0.000000e+00  0.000000e+00  2.500000e-01  1.000000e+00  1.000000e+00  0.000000e+00  0.000000e+00  0.000000e+00  2.500000e-01  
6.833000e-01  2.906200e-02  7.417190e-01  0.000000e+00  0.000000e+00  2.500000e-01  1.980470e+00  7.622690e+00  -9.386420e-01  0.000000e+00  0.000000e+00  2.500000e-01  1.000000e+00  1.000000e+00  0.000000e+00  0.000000e+00  0.000000e+00  2.500000e-01  1.000000e+00  1.000000e+00  0.000000e+00  0.000000e+00  0.000000e+00  2.500000e-01  1.000000e+00  1.000000e+00  0.000000e+00  0.000000e+00  0.000000e+00  2.500000e-01  1.000000e+00  1.000000e+00  0.000000e+00  0.000000e+00  0.000000e+00  2.500000e-01  
6.979360e-01  5.853600e-02  9.111340e-01  0.000000e+00  0.000000e+00  2.500000e-01  1.882480e+00  5.040850e+00  -8.390160e-01  0.000000e+00  0.000000e+00  2.500000e-01  1.000000e+00  1.000000e+00  0.000000e+00  0.000000e+00  0.000000e+00  2.500000e-01  1.000000e+00  1.000000e+00  0.000000e+00  0.000000e+00  0.000000e+00  2.500000e-01  1.000000e+00  1.000000e+00  0.000000e+00  0.000000e+00  0.000000e+00  2.500000e-01  1.000000e+00  1.000000e+00  0.000000e+00  0.000000e+00  0.000000e+00  2.500000e-01  
6.954230e-01  6.562100e-02  7.606220e-01  0.000000e+00  0.000000e+00  2.500000e-01  1.974230e+00  7.329920e+00  -9.885560e-01  0.000000e+00  0.000000e+00  2.500000e-01  1.000000e+00  1.000000e+00  0.000000e+00  0.000000e+00  0.000000e+00  2.500000e-01  1.000000e+00  1.000000e+00  0.000000e+00  0.000000e+00  0.000000e+00  2.500000e-01  1.000000e+00  1.000000e+00  0.000000e+00  0.000000e+00  0.000000e+00  2.500000e-01  1.000000e+00  1.000000e+00  0.000000e+00  0.000000e+00  0.000000e+00  2.500000e-01  
6.964670e-01  6.399400e-02  7.233190e-01  0.000000e+00  0.000000e+00  2.500000e-01  1.949420e+00  7.235520e+00  -8.343110e-01  0.000000e+00  0.000000e+00  2.500000e-01  1.000000e+00  1.000000e+00  0.000000e+00  0.000000e+00  0.000000e+00  2.500000e-01  1.000000e+00  1.000000e+00  0.000000e+00  0.000000e+00  0.000000e+00  2.500000e-01  1.000000e+00  1.000000e+00  0.000000e+00  0.000000e+00  0.000000e+00  2.500000e-01  1.000000e+00  1.000000e+00  0.000000e+00  0.000000e+00  0.000000e+00  2.500000e-01  
6.774420e-01  4.808700e-02  8.282860e-01  0.000000e+00  0.000000e+00  2.500000e-01  1.824200e+00  5.165960e+00  -9.049230e-01  0.000000e+00  0.000000e+00  2.500000e-01  1.000000e+00  1.000000e+00  0.000000e+00  0.000000e+00  0.000000e+00  2.500000e-01  1.000000e+00  1.000000e+00  0.000000e+00  0.000000e+00  0.000000e+00  2.500000e-01  1.000000e+00  1.000000e+00  0.000000e+00  0.000000e+00  0.000000e+00  2.500000e-01  1.000000e+00  1.000000e+00  0.000000e+00  0.000000e+00  0.000000e+00  2.500000e-01  
6.988850e-01  5.704500e-02  7.270550e-01  0.000000e+00  0.000000e+00  2.500000e-01  1.900810e+00  5.790730e+00  -9.579570e-01  0.000000e+00  0.000000e+00  2.500000e-01  1.000000e+00  1.000000e+00  0.000000e+00  0.000000e+00  0.000000e+00  2.500000e-01  1.000000e+00  1.000000e+00  0.000000e+00  0.000000e+00  0.000000e+00  2.500000e-01  1.000000e+00  1.000000e+00  0.000000e+00  0.000000e+00  0.000000e+00  2.500000e-01  1.000000e+00  1.000000e+00  0.000000e+00  0.000000e+00  0.000000e+00  2.500000e-01  
7.077900e-01  3.679100e-02  9.316120e-01  0.000000e+00  0.000000e+00  2.500000e-01  1.943780e+00  9.087570e+00  -9.411370e-01  0.000000e+00  0.000000e+00  2.500000e-01  1.000000e+00  1.000000e+00  0.000000e+00  0.000000e+00  0.000000e+00  2.500000e-01  1.000000e+00  1.000000e+00  0.000000e+00  0.000000e+00  0.000000e+00  2.500000e-01  1.000000e+00  1.000000e+00  0.000000e+00  0.000000e+00  0.000000e+00  2.500000e-01  1.000000e+00  1.000000e+00  0.000000e+00  0.000000e+00  0.000000e+00  2.500000e-01  
7.033230e-01  5.225000e-02  8.927290e-01  0.000000e+00  0.000000e+00  2.500000e-01  1.934290e+00  7.002260e+00  -9.110080e-01  0.000000e+00  0.000000e+00  2.500000e-01  1.000000e+00  1.000000e+00  0.000000e+00  0.000000e+00  0.000000e+00  2.500000e-01  1.000000e+00  1.000000e+00  0.000000e+00  0.000000e+00  0.000000e+00  2.500000e-01  1.000000e+00  1.000000e+00  0.000000e+00  0.000000e+00  0.000000e+00  2.500000e-01  1.000000e+00  1.000000e+00  0.000000e+00  0.000000e+00  0.000000e+00  2.500000e-01  
6.782680e-01  3.321400e-02  9.277210e-01  0.000000e+00  0.000000e+00  2.500000e-01  1.713550e+00  4.975980e+00  -7.551840e-01  0.000000e+00  0.000000e+00  2.500000e-01  1.000000e+00  1.000000e+00  0.000000e+00  0.000000e+00  0.000000e+00  2.500000e-01  1.000000e+00  1.000000e+00  0.000000e+00  0.000000e+00  0.000000e+00  2.500000e-01  1.000000e+00  1.000000e+00  0.000000e+00  0.000000e+00  0.000000e+00  2.500000e-01  1.000000e+00  1.000000e+00  0.000000e+00  0.000000e+00  0.000000e+00  2.500000e-01  
6.977870e-01  8.402500e-02  6.714460e-01  0.000000e+00  0.000000e+00  2.500000e-01  1.861650e+00  7.466330e+00  -7.796080e-01  0.000000e+00  0.000000e+00  2.500000e-01  1.000000e+00  1.000000e+00  0.000000e+00  0.000000e+00  0.000000e+00  2.500000e-01  1.000000e+00  1.000000e+00  0.000000e+00  0.000000e+00  0.000000e+00  2.500000e-01  1.000000e+00  1.000000e+00  0.000000e+00  0.000000e+00  0.000000e+00  2.500000e-01  1.000000e+00  1.000000e+00  0.000000e+00  0.000000e+00  0.000000e+00  2.500000e-01  
6.917080e-01  6.355100e-02  8.291780e-01  0.000000e+00  0.000000e+00  2.500000e-01  1.873610e+00  7.903820e+00  -8.799770e-01  0.000000e+00  0.000000e+00  2.500000e-01  1.000000e+00  1.000000e+00  0.000000e+00  0.000000e+00  0.000000e+00  2.500000e-01  1.000000e+00  1.000000e+00  0.000000e+00  0.000000e+00  0.000000e+00  2.500000e-01  1.000000e+00  1.000000e+00  0.000000e+00  0.000000e+00  0.000000e+00  2.500000e-01  1.000000e+00  1.000000e+00  0.000000e+00  0.000000e+00  0.000000e+00  2.500000e-01  
6.735090e-01  7.456700e-02  8.335080e-01  0.000000e+00  0.000000e+00  2.500000e-01  2.025980e+00  8.396240e+00  -8.094540e-01  0.000000e+00  0.000000e+00  2.500000e-01  1.000000e+00  1.000000e+00  0.000000e+00  0.000000e+00  0.000000e+00  2.500000e-01  1.000000e+00  1.000000e+00  0.000000e+00  0.000000e+00  0.000000e+00  2.500000e-01  1.000000e+00  1.000000e+00  0.000000e+00  0.000000e+00  0.000000e+00  2.500000e-01  1.000000e+00  1.000000e+00  0.000000e+00  0.000000e+00  0.000000e+00  2.500000e-01  
6.950150e-01  7.247200e-02  8.703390e-01  0.000000e+00  0.000000e+00  2.500000e-01  1.612410e+00  6.661130e+00  -8.410690e-01  0.000000e+00  0.000000e+00  2.500000e-01  1.000000e+00  1.000000e+00  0.000000e+00  0.000000e+00  0.000000e+00  2.500000e-01  1.000000e+00  1.000000e+00  0.000000e+00  0.000000e+00  0.000000e+00  2.500000e-01  1.000000e+00  1.000000e+00  0.000000e+00  0.000000e+00  0.000000e+00  2.500000e-01  1.000000e+00  1.000000e+00  0.000000e+00  0.000000e+00  0.000000e+00  2.500000e-01  
6.942460e-01  5.712100e-02  8.579970e-01  0.000000e+00  0.000000e+00  2.500000e-01  1.826510e+00  6.878150e+00  -7.766500e-01  0.000000e+00  0.000000e+00  2.500000e-01  1.000000e+00  1.000000e+00  0.000000e+00  0.000000e+00  0.000000e+00  2.500000e-01  1.000000e+00  1.000000e+00  0.000000e+00  0.000000e+00  0.000000e+00  2.500000e-01  1.000000e+00  1.000000e+00  0.000000e+00  0.000000e+00  0.000000e+00  2.500000e-01  1.000000e+00  1.000000e+00  0.000000e+00  0.000000e+00  0.000000e+00  2.500000e-01  
6.937520e-01  4.803900e-02  7.240840e-01  0.000000e+00  0.000000e+00  2.500000e-01  1.753160e+00  8.172140e+00  -9.151810e-01  0.000000e+00  0.000000e+00  2.500000e-01  1.000000e+00  1.000000e+00  0.000000e+00  0.000000e+00  0.000000e+00  2.500000e-01  1.000000e+00  1.000000e+00  0.000000e+00  0.000000e+00  0.000000e+00  2.500000e-01  1.000000e+00  1.000000e+00  0.000000e+00  0.000000e+00  0.000000e+00  2.500000e-01  1.000000e+00  1.000000e+00  0.000000e+00  0.000000e+00  0.000000e+00  2.500000e-01  
7.012290e-01  4.855500e-02  8.548270e-01  0.000000e+00  0.000000e+00  2.500000e-01  1.757760e+00  6.324960e+00  -9.471340e-01  0.000000e+00  0.000000e+00  2.500000e-01  1.000000e+00  1.000000e+00  0.000000e+00  0.000000e+00  0.000000e+00  2.500000e-01  1.000000e+00  1.000000e+00  0.000000e+00  0.000000e+00  0.000000e+00  2.500000e-01  1.000000e+00  1.000000e+00  0.000000e+00  0.000000e+00  0.000000e+00  2.500000e-01  1.000000e+00  1.000000e+00  0.000000e+00  0.000000e+00  0.000000e+00  2.500000e-01  
6.768470e-01  3.182500e-02  8.097940e-01  0.000000e+00  0.000000e+00  2.500000e-01  1.797370e+00  6.223110e+00  -7.268450e-01  0.000000e+00  0.000000e+00  2.500000e-01  1.000000e+00  1.000000e+00  0.000000e+00  0.000000e+00  0.000000e+00  2.500000e-01  1.000000e+00  1.000000e+00  0.000000e+00  0.000000e+00  0.000000e+00  2.500000e-01  1.000000e+00  1.000000e+00  0.000000e+00  0.000000e+00  0.000000e+00  2.500000e-01  1.000000e+00  1.000000e+00  0.000000e+00  0.000000e+00  0.000000e+00  2.500000e-01  
6.570340e-01  5.103500e-02  9.802860e-01  0.000000e+00  0.000000e+00  2.500000e-01  1.897270e+00  5.750770e+00  -8.834910e-01  0.000000e+00  0.000000e+00  2.500000e-01  1.000000e+00  1.000000e+00  0.000000e+00  0.000000e+00  0.000000e+00  2.500000e-01  1.000000e+00  1.000000e+00  0.000000e+00  0.000000e+00  0.000000e+00  2.500000e-01  1.000000e+00  1.000000e+00  0.000000e+00  0.000000e+00  0.000000e+00  2.500000e-01  1.000000e+00  1.000000e+00  0.000000e+00  0.000000e+00  0.000000e+00  2.500000e-01  
7.053430e-01  7.316800e-02  8.525540e-01  0.000000e+00  0.000000e+00  2.500000e-01  1.998590e+00  8.405510e+00  -9.097130e-01  0.000000e+00  0.000000e+00  2.500000e-01  1.000000e+00  1.000000e+00  0.000000e+00  0.000000e+00  0.000000e+00  2.500000e-01  1.000000e+00  1.000000e+00  0.000000e+00  0.000000e+00  0.000000e+00  2.500000e-01  1.000000e+00  1.000000e+00  0.000000e+00  0.000000e+00  0.000000e+00  2.500000e-01  1.000000e+00  1.000000e+00  0.000000e+00  0.000000e+00  0.000000e+00  2.500000e-01  
7.164010e-01  8.361600e-02  8.992870e-01  0.000000e+00  0.000000e+00  2.500000e-01  2.182920e+00  9.625540e+00  -9.310000e-01  0.000000e+00  0.000000e+00  2.500000e-01  1.000000e+00  1.000000e+00  0.000000e+00  0.000000e+00  0.000000e+00  2.500000e-01  1.000000e+00  1.000000e+00  0.000000e+00  0.000000e+00  0.000000e+00  2.500000e-01  1.000000e+00  1.000000e+00  0.000000e+00  0.000000e+00  0.000000e+00  2.500000e-01  1.000000e+00  1.000000e+00  0.000000e+00  0.000000e+00  0.000000e+00  2.500000e-01  
7.013730e-01  6.473600e-02  6.417540e-01  0.000000e+00  0.000000e+00  2.500000e-01  2.081260e+00  8.242470e+00  -9.637070e-01  0.000000e+00  0.000000e+00  2.500000e-01  1.000000e+00  1.000000e+00  0.000000e+00  0.000000e+00  0.000000e+00  2.500000e-01  1.000000e+00  1.000000e+00  0.000000e+00  0.000000e+00  0.000000e+00  2.500000e-01  1.000000e+00  1.000000e+00  0.000000e+00  0.000000e+00  0.000000e+00  2.500000e-01  1.000000e+00  1.000000e+00  0.000000e+00  0.000000e+00  0.000000e+00  2.500000e-01  
6.799980e-01  3.678100e-02  6.579890e-01  0.000000e+00  0.000000e+00  2.500000e-01  1.696890e+00  5.279090e+00  -9.434480e-01  0.000000e+00  0.000000e+00  2.500000e-01  1.000000e+00  1.000000e+00  0.000000e+00  0.000000e+00  0.000000e+00  2.500000e-01  1.000000e+00  1.000000e+00  0.000000e+00  0.000000e+00  0.000000e+00  2.500000e-01  1.000000e+00  1.000000e+00  0.000000e+00  0.000000e+00  0.000000e+00  2.500000e-01  1.000000e+00  1.000000e+00  0.000000e+00  0.000000e+00  0.000000e+00  2.500000e-01  
6.867970e-01  3.267700e-02  8.756200e-01  0.000000e+00  0.000000e+00  2.500000e-01  1.717330e+00  6.555070e+00  -9.385570e-01  0.000000e+00  0.000000e+00  2.500000e-01  1.000000e+00  1.000000e+00  0.000000e+00  0.000000e+00  0.000000e+00  2.500000e-01  1.000000e+00  1.000000e+00  0.000000e+00  0.000000e+00  0.000000e+00  2.500000e-01  1.000000e+00  1.000000e+00  0.000000e+00  0.000000e+00  0.000000e+00  2.500000e-01  1.000000e+00  1.000000e+00  0.000000e+00  0.000000e+00  0.000000e+00  2.500000e-01  
6.784120e-01  5.733500e-02  8.508770e-01  0.000000e+00  0.000000e+00  2.500000e-01  1.896480e+00  6.635390e+00  -8.495610e-01  0.000000e+00  0.000000e+00  2.500000e-01  1.000000e+00  1.000000e+00  0.000000e+00  0.000000e+00  0.000000e+00  2.500000e-01  1.000000e+00  1.000000e+00  0.000000e+00  0.000000e+00  0.000000e+00  2.500000e-01  1.000000e+00  1.000000e+00  0.000000e+00  0.000000e+00  0.000000e+00  2.500000e-01  1.000000e+00  1.000000e+00  0.000000e+00  0.000000e+00  0.000000e+00  2.500000e-01  
6.922820e-01  4.556500e-02  7.887910e-01  0.000000e+00  0.000000e+00  2.500000e-01  1.753970e+00  6.966930e+00  -8.776450e-01  0.000000e+00  0.000000e+00  2.500000e-01  1.000000e+00  1.000000e+00  0.000000e+00  0.000000e+00  0.000000e+00  2.500000e-01  1.000000e+00  1.000000e+00  0.000000e+00  0.000000e+00  0.000000e+00  2.500000e-01  1.000000e+00  1.000000e+00  0.000000e+00  0.000000e+00  0.000000e+00  2.500000e-01  1.000000e+00  1.000000e+00  0.000000e+00  0.000000e+00  0.000000e+00  2.500000e-01  
7.208260e-01  2.402200e-02  9.214330e-01  0.000000e+00  0.000000e+00  2.500000e-01  1.746470e+00  6.976190e+00  -9.444410e-01  0.000000e+00  0.000000e+00  2.500000e-01  1.000000e+00  1.000000e+00  0.000000e+00  0.000000e+00  0.000000e+00  2.500000e-01  1.000000e+00  1.000000e+00  0.000000e+00  0.000000e+00  0.000000e+00  2.500000e-01  1.000000e+00  1.000000e+00  0.000000e+00  0.000000e+00  0.000000e+00  2.500000e-01  1.000000e+00  1.000000e+00  0.000000e+00  0.000000e+00  0.000000e+00  2.500000e-01  
6.920600e-01  6.102900e-02  6.083510e-01  0.000000e+00  0.000000e+00  2.500000e-01  1.755340e+00  7.795030e+00  -9.674840e-01  0.000000e+00  0.000000e+00  2.500000e-01  1.000000e+00  1.000000e+00  0.000000e+00  0.000000e+00  0.000000e+00  2.500000e-01  1.000000e+00  1.000000e+00  0.000000e+00  0.000000e+00  0.000000e+00  2.500000e-01  1.000000e+00  1.000000e+00  0.000000e+00  0.000000e+00  0.000000e+00  2.500000e-01  1.000000e+00  1.000000e+00  0.000000e+00  0.000000e+00  0.000000e+00  2.500000e-01  
6.612630e-01  4.594700e-02  8.611580e-01  0.000000e+00  0.000000e+00  2.500000e-01  1.988180e+00  7.711880e+00  -9.411700e-01  0.000000e+00  0.000000e+00  2.500000e-01  1.000000e+00  1.000000e+00  0.000000e+00  0.000000e+00  0.000000e+00  2.500000e-01  1.000000e+00  1.000000e+00  0.000000e+00  0.000000e+00  0.000000e+00  2.500000e-01  1.000000e+00  1.000000e+00  0.000000e+00  0.000000e+00  0.000000e+00  2.500000e-01  1.000000e+00  1.000000e+00  0.000000e+00  0.000000e+00  0.000000e+00  2.500000e-01  
6.835430e-01  5.395100e-02  8.789100e-01  0.000000e+00  0.000000e+00  2.500000e-01  1.806160e+00  6.352330e+00  -8.934660e-01  0.000000e+00  0.000000e+00  2.500000e-01  1.000000e+00  1.000000e+00  0.000000e+00  0.000000e+00  0.000000e+00  2.500000e-01  1.000000e+00  1.000000e+00  0.000000e+00  0.000000e+00  0.000000e+00  2.500000e-01  1.000000e+00  1.000000e+00  0.000000e+00  0.000000e+00  0.000000e+00  2.500000e-01  1.000000e+00  1.000000e+00  0.000000e+00  0.000000e+00  0.000000e+00  2.500000e-01  
6.803150e-01  7.252500e-02  7.691810e-01  0.000000e+00  0.000000e+00  2.500000e-01  1.915670e+00  8.372030e+00  -9.801260e-01  0.000000e+00  0.000000e+00  2.500000e-01  1.000000e+00  1.000000e+00  0.000000e+00  0.000000e+00  0.000000e+00  2.500000e-01  1.000000e+00  1.000000e+00  0.000000e+00  0.000000e+00  0.000000e+00  2.500000e-01  1.000000e+00  1.000000e+00  0.000000e+00  0.000000e+00  0.000000e+00  2.500000e-01  1.000000e+00  1.000000e+00  0.000000e+00  0.000000e+00  0.000000e+00  2.500000e-01  
6.831720e-01  4.294700e-02  8.228870e-01  0.000000e+00  0.000000e+00  2.500000e-01  1.688690e+00  7.070960e+00  -9.489560e-01  0.000000e+00  0.000000e+00  2.500000e-01  1.000000e+00  1.000000e+00  0.000000e+00  0.000000e+00  0.000000e+00  2.500000e-01  1.000000e+00  1.000000e+00  0.000000e+00  0.000000e+00  0.000000e+00  2.500000e-01  1.000000e+00  1.000000e+00  0.000000e+00  0.000000e+00  0.000000e+00  2.500000e-01  1.000000e+00  1.000000e+00  0.000000e+00  0.000000e+00  0.000000e+00  2.500000e-01  
6.973010e-01  5.568000e-02  7.976620e-01  0.000000e+00  0.000000e+00  2.500000e-01  1.930170e+00  7.385710e+00  -9.409030e-01  0.000000e+00  0.000000e+00  2.500000e-01  1.000000e+00  1.000000e+00  0.000000e+00  0.000000e+00  0.000000e+00  2.500000e-01  1.000000e+00  1.000000e+00  0.000000e+00  0.000000e+00  0.000000e+00  2.500000e-01  1.000000e+00  1.000000e+00  0.000000e+00  0.000000e+00  0.000000e+00  2.500000e-01  1.000000e+00  1.000000e+00  0.000000e+00  0.000000e+00  0.000000e+00  2.500000e-01  
6.993920e-01  5.992500e-02  9.405610e-01  0.000000e+00  0.000000e+00  2.500000e-01  2.244510e+00  7.658980e+00  -9.593260e-01  0.000000e+00  0.000000e+00  2.500000e-01  1.000000e+00  1.000000e+00  0.000000e+00  0.000000e+00  0.000000e+00  2.500000e-01  1.000000e+00  1.000000e+00  0.000000e+00  0.000000e+00  0.000000e+00  2.500000e-01  1.000000e+00  1.000000e+00  0.000000e+00  0.000000e+00  0.000000e+00  2.500000e-01  1.000000e+00  1.000000e+00  0.000000e+00  0.000000e+00  0.000000e+00  2.500000e-01  
6.788280e-01  6.109100e-02  7.046070e-01  0.000000e+00  0.000000e+00  2.500000e-01  1.842580e+00  6.300550e+00  -8.822680e-01  0.000000e+00  0.000000e+00  2.500000e-01  1.000000e+00  1.000000e+00  0.000000e+00  0.000000e+00  0.000000e+00  2.500000e-01  1.000000e+00  1.000000e+00  0.000000e+00  0.000000e+00  0.000000e+00  2.500000e-01  1.000000e+00  1.000000e+00  0.000000e+00  0.000000e+00  0.000000e+00  2.500000e-01  1.000000e+00  1.000000e+00  0.000000e+00  0.000000e+00  0.000000e+00  2.500000e-01  
6.982070e-01  4.239300e-02  8.562960e-01  0.000000e+00  0.000000e+00  2.500000e-01  1.772930e+00  6.987460e+00  -9.881720e-01  0.000000e+00  0.000000e+00  2.500000e-01  1.000000e+00  1.000000e+00  0.000000e+00  0.000000e+00  0.000000e+00  2.500000e-01  1.000000e+00  1.000000e+00  0.000000e+00  0.000000e+00  0.000000e+00  2.500000e-01  1.000000e+00  1.000000e+00  0.000000e+00  0.000000e+00  0.000000e+00  2.500000e-01  1.000000e+00  1.000000e+00  0.000000e+00  0.000000e+00  0.000000e+00  2.500000e-01  
7.061900e-01  7.047500e-02  9.983020e-01  0.000000e+00  0.000000e+00  2.500000e-01  1.823580e+00  7.267420e+00  -9.424210e-01  0.000000e+00  0.000000e+00  2.500000e-01  1.000000e+00  1.000000e+00  0.000000e+00  0.000000e+00  0.000000e+00  2.500000e-01  1.000000e+00  1.000000e+00  0.000000e+00  0.000000e+00  0.000000e+00  2.500000e-01  1.000000e+00  1.000000e+00  0.000000e+00  0.000000e+00  0.000000e+00  2.500000e-01  1.000000e+00  1.000000e+00  0.000000e+00  0.000000e+00  0.000000e+00  2.500000e-01  
7.189010e-01  7.623900e-02  6.720680e-01  0.000000e+00  0.000000e+00  2.500000e-01  1.711750e+00  8.414810e+00  -8.463080e-01  0.000000e+00  0.000000e+00  2.500000e-01  1.000000e+00  1.000000e+00  0.000000e+00  0.000000e+00  0.000000e+00  2.500000e-01  1.000000e+00  1.000000e+00  0.000000e+00  0.000000e+00  0.000000e+00  2.500000e-01  1.000000e+00  1.000000e+00  0.000000e+00  0.000000e+00  0.000000e+00  2.500000e-01  1.000000e+00  1.000000e+00  0.000000e+00  0.000000e+00  0.000000e+00  2.500000e-01  
6.822900e-01  3.389600e-02  9.526140e-01  0.000000e+00  0.000000e+00  2.500000e-01  1.879120e+00  7.891650e+00  -9.842060e-01  0.000000e+00  0.000000e+00  2.500000e-01  1.000000e+00  1.000000e+00  0.000000e+00  0.000000e+00  0.000000e+00  2.500000e-01  1.000000e+00  1.000000e+00  0.000000e+00  0.000000e+00  0.000000e+00  2.500000e-01  1.000000e+00  1.000000e+00  0.000000e+00  0.000000e+00  0.000000e+00  2.500000e-01  1.000000e+00  1.000000e+00  0.000000e+00  0.000000e+00  0.000000e+00  2.500000e-01  
6.872280e-01  2.890100e-02  8.675980e-01  0.000000e+00  0.000000e+00  2.500000e-01  1.468410e+00  6.714520e+00  -9.795550e-01  0.000000e+00  0.000000e+00  2.500000e-01  1.000000e+00  1.000000e+00  0.000000e+00  0.000000e+00  0.000000e+00  2.500000e-01  1.000000e+00  1.000000e+00  0.000000e+00  0.000000e+00  0.000000e+00  2.500000e-01  1.000000e+00  1.000000e+00  0.000000e+00  0.000000e+00  0.000000e+00  2.500000e-01  1.000000e+00  1.000000e+00  0.000000e+00  0.000000e+00  0.000000e+00  2.500000e-01  
6.639950e-01  3.931000e-02  9.851380e-01  0.000000e+00  0.000000e+00  2.500000e-01  1.844960e+00  8.621190e+00  -9.849880e-01  0.000000e+00  0.000000e+00  2.500000e-01  1.000000e+00  1.000000e+00  0.000000e+00  0.000000e+00  0.000000e+00  2.500000e-01  1.000000e+00  1.000000e+00  0.000000e+00  0.000000e+00  0.000000e+00  2.500000e-01  1.000000e+00  1.000000e+00  0.000000e+00  0.000000e+00  0.000000e+00  2.500000e-01  1.000000e+00  1.000000e+00  0.000000e+00  0.000000e+00  0.000000e+00  2.500000e-01  
6.719720e-01  6.000700e-02  8.107480e-01  0.000000e+00  0.000000e+00  2.500000e-01  2.282330e+00  8.392940e+00  -9.366600e-01  0.000000e+00  0.000000e+00  2.500000e-01  1.000000e+00  1.000000e+00  0.000000e+00  0.000000e+00  0.000000e+00  2.500000e-01  1.000000e+00  1.000000e+00  0.000000e+00  0.000000e+00  0.000000e+00  2.500000e-01  1.000000e+00  1.000000e+00  0.000000e+00  0.000000e+00  0.000000e+00  2.500000e-01  1.000000e+00  1.000000e+00  0.000000e+00  0.000000e+00  0.000000e+00  2.500000e-01  
6.822170e-01  5.291700e-02  9.360300e-01  0.000000e+00  0.000000e+00  2.500000e-01  1.774900e+00  6.707430e+00  -8.975290e-01  0.000000e+00  0.000000e+00  2.500000e-01  1.000000e+00  1.000000e+00  0.000000e+00  0.000000e+00  0.000000e+00  2.500000e-01  1.000000e+00  1.000000e+00  0.000000e+00  0.000000e+00  0.000000e+00  2.500000e-01  1.000000e+00  1.000000e+00  0.000000e+00  0.000000e+00  0.000000e+00  2.500000e-01  1.000000e+00  1.000000e+00  0.000000e+00  0.000000e+00  0.000000e+00  2.500000e-01  
6.899660e-01  7.184700e-02  7.911050e-01  0.000000e+00  0.000000e+00  2.500000e-01  2.035140e+00  7.176210e+00  -9.927230e-01  0.000000e+00  0.000000e+00  2.500000e-01  1.000000e+00  1.000000e+00  0.000000e+00  0.000000e+00  0.000000e+00  2.500000e-01  1.000000e+00  1.000000e+00  0.000000e+00  0.000000e+00  0.000000e+00  2.500000e-01  1.000000e+00  1.000000e+00  0.000000e+00  0.000000e+00  0.000000e+00  2.500000e-01  1.000000e+00  1.000000e+00  0.000000e+00  0.000000e+00  0.000000e+00  2.500000e-01  
6.963290e-01  6.878100e-02  8.673250e-01  0.000000e+00  0.000000e+00  2.500000e-01  1.645840e+00  5.871110e+00  -9.247370e-01  0.000000e+00  0.000000e+00  2.500000e-01  1.000000e+00  1.000000e+00  0.000000e+00  0.000000e+00  0.000000e+00  2.500000e-01  1.000000e+00  1.000000e+00  0.000000e+00  0.000000e+00  0.000000e+00  2.500000e-01  1.000000e+00  1.000000e+00  0.000000e+00  0.000000e+00  0.000000e+00  2.500000e-01  1.000000e+00  1.000000e+00  0.000000e+00  0.000000e+00  0.000000e+00  2.500000e-01  
6.749350e-01  4.857000e-02  9.178450e-01  0.000000e+00  0.000000e+00  2.500000e-01  1.883310e+00  7.750780e+00  -9.832200e-01  0.000000e+00  0.000000e+00  2.500000e-01  1.000000e+00  1.000000e+00  0.000000e+00  0.000000e+00  0.000000e+00  2.500000e-01  1.000000e+00  1.000000e+00  0.000000e+00  0.000000e+00  0.000000e+00  2.500000e-01  1.000000e+00  1.000000e+00  0.000000e+00  0.000000e+00  0.000000e+00  2.500000e-01  1.000000e+00  1.000000e+00  0.000000e+00  0.000000e+00  0.000000e+00  2.500000e-01  
6.893820e-01  5.600300e-02  6.127920e-01  0.000000e+00  0.000000e+00  2.500000e-01  1.676630e+00  8.452780e+00  -9.644280e-01  0.000000e+00  0.000000e+00  2.500000e-01  1.000000e+00  1.000000e+00  0.000000e+00  0.000000e+00  0.000000e+00  2.500000e-01  1.000000e+00  1.000000e+00  0.000000e+00  0.000000e+00  0.000000e+00  2.500000e-01  1.000000e+00  1.000000e+00  0.000000e+00  0.000000e+00  0.000000e+00  2.500000e-01  1.000000e+00  1.000000e+00  0.000000e+00  0.000000e+00  0.000000e+00  2.500000e-01  
6.813170e-01  3.296800e-02  9.110210e-01  0.000000e+00  0.000000e+00  2.500000e-01  1.689140e+00  5.885670e+00  -9.584240e-01  0.000000e+00  0.000000e+00  2.500000e-01  1.000000e+00  1.000000e+00  0.000000e+00  0.000000e+00  0.000000e+00  2.500000e-01  1.000000e+00  1.000000e+00  0.000000e+00  0.000000e+00  0.000000e+00  2.500000e-01  1.000000e+00  1.000000e+00  0.000000e+00  0.000000e+00  0.000000e+00  2.500000e-01  1.000000e+00  1.000000e+00  0.000000e+00  0.000000e+00  0.000000e+00  2.500000e-01  
6.771410e-01  5.145000e-02  9.976830e-01  0.000000e+00  0.000000e+00  2.500000e-01  1.883780e+00  7.322070e+00  -9.375310e-01  0.000000e+00  0.000000e+00  2.500000e-01  1.000000e+00  1.000000e+00  0.000000e+00  0.000000e+00  0.000000e+00  2.500000e-01  1.000000e+00  1.000000e+00  0.000000e+00  0.000000e+00  0.000000e+00  2.500000e-01  1.000000e+00  1.000000e+00  0.000000e+00  0.000000e+00  0.000000e+00  2.500000e-01  1.000000e+00  1.000000e+00  0.000000e+00  0.000000e+00  0.000000e+00  2.500000e-01  
7.113760e-01  5.653000e-02  8.287440e-01  0.000000e+00  0.000000e+00  2.500000e-01  1.655920e+00  7.015480e+00  -9.990480e-01  0.000000e+00  0.000000e+00  2.500000e-01  1.000000e+00  1.000000e+00  0.000000e+00  0.000000e+00  0.000000e+00  2.500000e-01  1.000000e+00  1.000000e+00  0.000000e+00  0.000000e+00  0.000000e+00  2.500000e-01  1.000000e+00  1.000000e+00  0.000000e+00  0.000000e+00  0.000000e+00  2.500000e-01  1.000000e+00  1.000000e+00  0.000000e+00  0.000000e+00  0.000000e+00  2.500000e-01  
6.717000e-01  7.071100e-02  9.043160e-01  0.000000e+00  0.000000e+00  2.500000e-01  2.185330e+00  7.611300e+00  -9.397820e-01  0.000000e+00  0.000000e+00  2.500000e-01  1.000000e+00  1.000000e+00  0.000000e+00  0.000000e+00  0.000000e+00  2.500000e-01  1.000000e+00  1.000000e+00  0.000000e+00  0.000000e+00  0.000000e+00  2.500000e-01  1.000000e+00  1.000000e+00  0.000000e+00  0.000000e+00  0.000000e+00  2.500000e-01  1.000000e+00  1.000000e+00  0.000000e+00  0.000000e+00  0.000000e+00  2.500000e-01  
6.915920e-01  4.620100e-02  7.142180e-01  0.000000e+00  0.000000e+00  2.500000e-01  1.759110e+00  6.435100e+00  -9.105910e-01  0.000000e+00  0.000000e+00  2.500000e-01  1.000000e+00  1.000000e+00  0.000000e+00  0.000000e+00  0.000000e+00  2.500000e-01  1.000000e+00  1.000000e+00  0.000000e+00  0.000000e+00  0.000000e+00  2.500000e-01  1.000000e+00  1.000000e+00  0.000000e+00  0.000000e+00  0.000000e+00  2.500000e-01  1.000000e+00  1.000000e+00  0.000000e+00  0.000000e+00  0.000000e+00  2.500000e-01  
6.560990e-01  1.544400e-02  7.480760e-01  0.000000e+00  0.000000e+00  2.500000e-01  1.497650e+00  6.487580e+00  -8.745970e-01  0.000000e+00  0.000000e+00  2.500000e-01  1.000000e+00  1.000000e+00  0.000000e+00  0.000000e+00  0.000000e+00  2.500000e-01  1.000000e+00  1.000000e+00  0.000000e+00  0.000000e+00  0.000000e+00  2.500000e-01  1.000000e+00  1.000000e+00  0.000000e+00  0.000000e+00  0.000000e+00  2.500000e-01  1.000000e+00  1.000000e+00  0.000000e+00  0.000000e+00  0.000000e+00  2.500000e-01  
6.940160e-01  2.622800e-02  9.897690e-01  0.000000e+00  0.000000e+00  2.500000e-01  1.521750e+00  6.386220e+00  -9.976820e-01  0.000000e+00  0.000000e+00  2.500000e-01  1.000000e+00  1.000000e+00  0.000000e+00  0.000000e+00  0.000000e+00  2.500000e-01  1.000000e+00  1.000000e+00  0.000000e+00  0.000000e+00  0.000000e+00  2.500000e-01  1.000000e+00  1.000000e+00  0.000000e+00  0.000000e+00  0.000000e+00  2.500000e-01  1.000000e+00  1.000000e+00  0.000000e+00  0.000000e+00  0.000000e+00  2.500000e-01  
6.888890e-01  6.174400e-02  8.089520e-01  0.000000e+00  0.000000e+00  2.500000e-01  2.178500e+00  8.274460e+00  -8.319550e-01  0.000000e+00  0.000000e+00  2.500000e-01  1.000000e+00  1.000000e+00  0.000000e+00  0.000000e+00  0.000000e+00  2.500000e-01  1.000000e+00  1.000000e+00  0.000000e+00  0.000000e+00  0.000000e+00  2.500000e-01  1.000000e+00  1.000000e+00  0.000000e+00  0.000000e+00  0.000000e+00  2.500000e-01  1.000000e+00  1.000000e+00  0.000000e+00  0.000000e+00  0.000000e+00  2.500000e-01  
6.951010e-01  4.354600e-02  7.529780e-01  0.000000e+00  0.000000e+00  2.500000e-01  1.810980e+00  8.417070e+00  -8.897270e-01  0.000000e+00  0.000000e+00  2.500000e-01  1.000000e+00  1.000000e+00  0.000000e+00  0.000000e+00  0.000000e+00  2.500000e-01  1.000000e+00  1.000000e+00  0.000000e+00  0.000000e+00  0.000000e+00  2.500000e-01  1.000000e+00  1.000000e+00  0.000000e+00  0.000000e+00  0.000000e+00  2.500000e-01  1.000000e+00  1.000000e+00  0.000000e+00  0.000000e+00  0.000000e+00  2.500000e-01  
6.918920e-01  4.111800e-02  8.851950e-01  0.000000e+00  0.000000e+00  2.500000e-01  1.960320e+00  8.376540e+00  -8.679090e-01  0.000000e+00  0.000000e+00  2.500000e-01  1.000000e+00  1.000000e+00  0.000000e+00  0.000000e+00  0.000000e+00  2.500000e-01  1.000000e+00  1.000000e+00  0.000000e+00  0.000000e+00  0.000000e+00  2.500000e-01  1.000000e+00  1.000000e+00  0.000000e+00  0.000000e+00  0.000000e+00  2.500000e-01  1.000000e+00  1.000000e+00  0.000000e+00  0.000000e+00  0.000000e+00  2.500000e-01  
7.046270e-01  4.116400e-02  7.332260e-01  0.000000e+00  0.000000e+00  2.500000e-01  1.971570e+00  8.467670e+00  -7.718160e-01  0.000000e+00  0.000000e+00  2.500000e-01  1.000000e+00  1.000000e+00  0.000000e+00  0.000000e+00  0.000000e+00  2.500000e-01  1.000000e+00  1.000000e+00  0.000000e+00  0.000000e+00  0.000000e+00  2.500000e-01  1.000000e+00  1.000000e+00  0.000000e+00  0.000000e+00  0.000000e+00  2.500000e-01  1.000000e+00  1.000000e+00  0.000000e+00  0.000000e+00  0.000000e+00  2.500000e-01  
6.897070e-01  6.812600e-02  7.893190e-01  0.000000e+00  0.000000e+00  2.500000e-01  1.815270e+00  7.688210e+00  -8.327640e-01  0.000000e+00  0.000000e+00  2.500000e-01  1.000000e+00  1.000000e+00  0.000000e+00  0.000000e+00  0.000000e+00  2.500000e-01  1.000000e+00  1.000000e+00  0.000000e+00  0.000000e+00  0.000000e+00  2.500000e-01  1.000000e+00  1.000000e+00  0.000000e+00  0.000000e+00  0.000000e+00  2.500000e-01  1.000000e+00  1.000000e+00  0.000000e+00  0.000000e+00  0.000000e+00  2.500000e-01  
6.727070e-01  5.297500e-02  9.696780e-01  0.000000e+00  0.000000e+00  2.500000e-01  1.900880e+00  7.327980e+00  -8.508820e-01  0.000000e+00  0.000000e+00  2.500000e-01  1.000000e+00  1.000000e+00  0.000000e+00  0.000000e+00  0.000000e+00  2.500000e-01  1.000000e+00  1.000000e+00  0.000000e+00  0.000000e+00  0.000000e+00  2.500000e-01  1.000000e+00  1.000000e+00  0.000000e+00  0.000000e+00  0.000000e+00  2.500000e-01  1.000000e+00  1.000000e+00  0.000000e+00  0.000000e+00  0.000000e+00  2.500000e-01  
6.574750e-01  5.291100e-02  5.745690e-01  0.000000e+00  0.000000e+00  2.500000e-01  1.944060e+00  8.356390e+00  -7.833810e-01  0.000000e+00  0.000000e+00  2.500000e-01  1.000000e+00  1.000000e+00  0.000000e+00  0.000000e+00  0.000000e+00  2.500000e-01  1.000000e+00  1.000000e+00  0.000000e+00  0.000000e+00  0.000000e+00  2.500000e-01  1.000000e+00  1.000000e+00  0.000000e+00  0.000000e+00  0.000000e+00  2.500000e-01  1.000000e+00  1.000000e+00  0.000000e+00  0.000000e+00  0.000000e+00  2.500000e-01  
6.849490e-01  5.471100e-02  8.532090e-01  0.000000e+00  0.000000e+00  2.500000e-01  1.658800e+00  6.916510e+00  -9.749900e-01  0.000000e+00  0.000000e+00  2.500000e-01  1.000000e+00  1.000000e+00  0.000000e+00  0.000000e+00  0.000000e+00  2.500000e-01  1.000000e+00  1.000000e+00  0.000000e+00  0.000000e+00  0.000000e+00  2.500000e-01  1.000000e+00  1.000000e+00  0.000000e+00  0.000000e+00  0.000000e+00  2.500000e-01  1.000000e+00  1.000000e+00  0.000000e+00  0.000000e+00  0.000000e+00  2.500000e-01  
6.632620e-01  3.011600e-02  7.101790e-01  0.000000e+00  0.000000e+00  2.500000e-01  1.900940e+00  9.005610e+00  -8.700520e-01  0.000000e+00  0.000000e+00  2.500000e-01  1.000000e+00  1.000000e+00  0.000000e+00  0.000000e+00  0.000000e+00  2.500000e-01  1.000000e+00  1.000000e+00  0.000000e+00  0.000000e+00  0.000000e+00  2.500000e-01  1.000000e+00  1.000000e+00  0.000000e+00  0.000000e+00  0.000000e+00  2.500000e-01  1.000000e+00  1.000000e+00  0.000000e+00  0.000000e+00  0.000000e+00  2.500000e-01  
6.964730e-01  5.096700e-02  8.761950e-01  0.000000e+00  0.000000e+00  2.500000e-01  1.677760e+00  6.294340e+00  -8.286280e-01  0.000000e+00  0.000000e+00  2.500000e-01  1.000000e+00  1.000000e+00  0.000000e+00  0.000000e+00  0.000000e+00  2.500000e-01  1.000000e+00  1.000000e+00  0.000000e+00  0.000000e+00  0.000000e+00  2.500000e-01  1.000000e+00  1.000000e+00  0.000000e+00  0.000000e+00  0.000000e+00  2.500000e-01  1.000000e+00  1.000000e+00  0.000000e+00  0.000000e+00  0.000000e+00  2.500000e-01  
6.951880e-01  6.080900e-02  9.405180e-01  0.000000e+00  0.000000e+00  2.500000e-01  1.860880e+00  8.550320e+00  -9.213820e-01  0.000000e+00  0.000000e+00  2.500000e-01  1.000000e+00  1.000000e+00  0.000000e+00  0.000000e+00  0.000000e+00  2.500000e-01  1.000000e+00  1.000000e+00  0.000000e+00  0.000000e+00  0.000000e+00  2.500000e-01  1.000000e+00  1.000000e+00  0.000000e+00  0.000000e+00  0.000000e+00  2.500000e-01  1.000000e+00  1.000000e+00  0.000000e+00  0.000000e+00  0.000000e+00  2.500000e-01  
6.758280e-01  8.794200e-02  6.572710e-01  0.000000e+00  0.000000e+00  2.500000e-01  2.008250e+00  7.744680e+00  -7.215250e-01  0.000000e+00  0.000000e+00  2.500000e-01  1.000000e+00  1.000000e+00  0.000000e+00  0.000000e+00  0.000000e+00  2.500000e-01  1.000000e+00  1.000000e+00  0.000000e+00  0.000000e+00  0.000000e+00  2.500000e-01  1.000000e+00  1.000000e+00  0.000000e+00  0.000000e+00  0.000000e+00  2.500000e-01  1.000000e+00  1.000000e+00  0.000000e+00  0.000000e+00  0.000000e+00  2.500000e-01  
7.204120e-01  5.474700e-02  8.394480e-01  0.000000e+00  0.000000e+00  2.500000e-01  2.103470e+00  6.211780e+00  -9.696910e-01  0.000000e+00  0.000000e+00  2.500000e-01  1.000000e+00  1.000000e+00  0.000000e+00  0.000000e+00  0.000000e+00  2.500000e-01  1.000000e+00  1.000000e+00  0.000000e+00  0.000000e+00  0.000000e+00  2.500000e-01  1.000000e+00  1.000000e+00  0.000000e+00  0.000000e+00  0.000000e+00  2.500000e-01  1.000000e+00  1.000000e+00  0.000000e+00  0.000000e+00  0.000000e+00  2.500000e-01  
6.601210e-01  2.717400e-02  7.949830e-01  0.000000e+00  0.000000e+00  2.500000e-01  1.884100e+00  7.935010e+00  -9.065530e-01  0.000000e+00  0.000000e+00  2.500000e-01  1.000000e+00  1.000000e+00  0.000000e+00  0.000000e+00  0.000000e+00  2.500000e-01  1.000000e+00  1.000000e+00  0.000000e+00  0.000000e+00  0.000000e+00  2.500000e-01  1.000000e+00  1.000000e+00  0.000000e+00  0.000000e+00  0.000000e+00  2.500000e-01  1.000000e+00  1.000000e+00  0.000000e+00  0.000000e+00  0.000000e+00  2.500000e-01  
7.164310e-01  6.938900e-02  8.297180e-01  0.000000e+00  0.000000e+00  2.500000e-01  1.803710e+00  7.942330e+00  -9.585340e-01  0.000000e+00  0.000000e+00  2.500000e-01  1.000000e+00  1.000000e+00  0.000000e+00  0.000000e+00  0.000000e+00  2.500000e-01  1.000000e+00  1.000000e+00  0.000000e+00  0.000000e+00  0.000000e+00  2.500000e-01  1.000000e+00  1.000000e+00  0.000000e+00  0.000000e+00  0.000000e+00  2.500000e-01  1.000000e+00  1.000000e+00  0.000000e+00  0.000000e+00  0.000000e+00  2.500000e-01  
6.873250e-01  4.158600e-02  8.571320e-01  0.000000e+00  0.000000e+00  2.500000e-01  1.861210e+00  6.543670e+00  -8.592250e-01  0.000000e+00  0.000000e+00  2.500000e-01  1.000000e+00  1.000000e+00  0.000000e+00  0.000000e+00  0.000000e+00  2.500000e-01  1.000000e+00  1.000000e+00  0.000000e+00  0.000000e+00  0.000000e+00  2.500000e-01  1.000000e+00  1.000000e+00  0.000000e+00  0.000000e+00  0.000000e+00  2.500000e-01  1.000000e+00  1.000000e+00  0.000000e+00  0.000000e+00  0.000000e+00  2.500000e-01  
6.967660e-01  6.002600e-02  7.722840e-01  0.000000e+00  0.000000e+00  2.500000e-01  1.937830e+00  6.638720e+00  -9.575110e-01  0.000000e+00  0.000000e+00  2.500000e-01  1.000000e+00  1.000000e+00  0.000000e+00  0.000000e+00  0.000000e+00  2.500000e-01  1.000000e+00  1.000000e+00  0.000000e+00  0.000000e+00  0.000000e+00  2.500000e-01  1.000000e+00  1.000000e+00  0.000000e+00  0.000000e+00  0.000000e+00  2.500000e-01  1.000000e+00  1.000000e+00  0.000000e+00  0.000000e+00  0.000000e+00  2.500000e-01  
7.244880e-01  6.895000e-02  9.864630e-01  0.000000e+00  0.000000e+00  2.500000e-01  1.914640e+00  7.314550e+00  -9.405140e-01  0.000000e+00  0.000000e+00  2.500000e-01  1.000000e+00  1.000000e+00  0.000000e+00  0.000000e+00  0.000000e+00  2.500000e-01  1.000000e+00  1.000000e+00  0.000000e+00  0.000000e+00  0.000000e+00  2.500000e-01  1.000000e+00  1.000000e+00  0.000000e+00  0.000000e+00  0.000000e+00  2.500000e-01  1.000000e+00  1.000000e+00  0.000000e+00  0.000000e+00  0.000000e+00  2.500000e-01  
6.784560e-01  6.356000e-02  7.330770e-01  0.000000e+00  0.000000e+00  2.500000e-01  1.906070e+00  7.993500e+00  -9.877270e-01  0.000000e+00  0.000000e+00  2.500000e-01  1.000000e+00  1.000000e+00  0.000000e+00  0.000000e+00  0.000000e+00  2.500000e-01  1.000000e+00  1.000000e+00  0.000000e+00  0.000000e+00  0.000000e+00  2.500000e-01  1.000000e+00  1.000000e+00  0.000000e+00  0.000000e+00  0.000000e+00  2.500000e-01  1.000000e+00  1.000000e+00  0.000000e+00  0.000000e+00  0.000000e+00  2.500000e-01  
6.861410e-01  6.608800e-02  8.494500e-01  0.000000e+00  0.000000e+00  2.500000e-01  1.897580e+00  5.812290e+00  -9.874750e-01  0.000000e+00  0.000000e+00  2.500000e-01  1.000000e+00  1.000000e+00  0.000000e+00  0.000000e+00  0.000000e+00  2.500000e-01  1.000000e+00  1.000000e+00  0.000000e+00  0.000000e+00  0.000000e+00  2.500000e-01  1.000000e+00  1.000000e+00  0.000000e+00  0.000000e+00  0.000000e+00  2.500000e-01  1.000000e+00  1.000000e+00  0.000000e+00  0.000000e+00  0.000000e+00  2.500000e-01  
6.883670e-01  4.835350e-02  8.543760e-01  0.000000e+00  0.000000e+00  2.500000e-01  1.794340e+00  7.004930e+00  -9.999990e-01  0.000000e+00  0.000000e+00  2.500000e-01  1.000000e+00  1.000000e+00  0.000000e+00  0.000000e+00  0.000000e+00  2.500000e-01  1.000000e+00  1.000000e+00  0.000000e+00  0.000000e+00  0.000000e+00  2.500000e-01  1.000000e+00  1.000000e+00  0.000000e+00  0.000000e+00  0.000000e+00  2.500000e-01  1.000000e+00  1.000000e+00  0.000000e+00  0.000000e+00  0.000000e+00  2.500000e-01  
6.883670e-01  4.835350e-02  8.543760e-01  0.000000e+00  0.000000e+00  2.500000e-01  1.794340e+00  7.004930e+00  -9.999990e-01  0.000000e+00  0.000000e+00  2.500000e-01  1.000000e+00  1.000000e+00  0.000000e+00  0.000000e+00  0.000000e+00  2.500000e-01  1.000000e+00  1.000000e+00  0.000000e+00  0.000000e+00  0.000000e+00  2.500000e-01  1.000000e+00  1.000000e+00  0.000000e+00  0.000000e+00  0.000000e+00  2.500000e-01  1.000000e+00  1.000000e+00  0.000000e+00  0.000000e+00  0.000000e+00  2.500000e-01  
6.883670e-01  4.835350e-02  8.543780e-01  0.000000e+00  0.000000e+00  2.500000e-01  1.794350e+00  7.004930e+00  -9.999990e-01  0.000000e+00  0.000000e+00  2.500000e-01  1.000000e+00  1.000000e+00  0.000000e+00  0.000000e+00  0.000000e+00  2.500000e-01  1.000000e+00  1.000000e+00  0.000000e+00  0.000000e+00  0.000000e+00  2.500000e-01  1.000000e+00  1.000000e+00  0.000000e+00  0.000000e+00  0.000000e+00  2.500000e-01  1.000000e+00  1.000000e+00  0.000000e+00  0.000000e+00  0.000000e+00  2.500000e-01  
6.883670e-01  4.835350e-02  8.543760e-01  0.000000e+00  0.000000e+00  2.500000e-01  1.794340e+00  7.004930e+00  -9.999990e-01  0.000000e+00  0.000000e+00  2.500000e-01  1.000000e+00  1.000000e+00  0.000000e+00  0.000000e+00  0.000000e+00  2.500000e-01  1.000000e+00  1.000000e+00  0.000000e+00  0.000000e+00  0.000000e+00  2.500000e-01  1.000000e+00  1.000000e+00  0.000000e+00  0.000000e+00  0.000000e+00  2.500000e-01  1.000000e+00  1.000000e+00  0.000000e+00  0.000000e+00  0.000000e+00  2.500000e-01  
6.883670e-01  4.835350e-02  8.543760e-01  0.000000e+00  0.000000e+00  2.500000e-01  1.794340e+00  7.004940e+00  -9.999990e-01  0.000000e+00  0.000000e+00  2.500000e-01  1.000000e+00  1.000000e+00  0.000000e+00  0.000000e+00  0.000000e+00  2.500000e-01  1.000000e+00  1.000000e+00  0.000000e+00  0.000000e+00  0.000000e+00  2.500000e-01  1.000000e+00  1.000000e+00  0.000000e+00  0.000000e+00  0.000000e+00  2.500000e-01  1.000000e+00  1.000000e+00  0.000000e+00  0.000000e+00  0.000000e+00  2.500000e-01  
6.883670e-01  4.835350e-02  8.543760e-01  0.000000e+00  0.000000e+00  2.500000e-01  1.794340e+00  7.004930e+00  -9.986790e-01  0.000000e+00  0.000000e+00  2.500000e-01  1.000000e+00  1.000000e+00  0.000000e+00  0.000000e+00  0.000000e+00  2.500000e-01  1.000000e+00  1.000000e+00  0.000000e+00  0.000000e+00  0.000000e+00  2.500000e-01  1.000000e+00  1.000000e+00  0.000000e+00  0.000000e+00  0.000000e+00  2.500000e-01  1.000000e+00  1.000000e+00  0.000000e+00  0.000000e+00  0.000000e+00  2.500000e-01  
7.012830e-01  3.909980e-02  8.615470e-01  0.000000e+00  0.000000e+00  2.500000e-01  1.798150e+00  7.004930e+00  -8.328790e-01  0.000000e+00  0.000000e+00  2.500000e-01  1.000000e+00  1.000000e+00  0.000000e+00  0.000000e+00  0.000000e+00  2.500000e-01  1.000000e+00  1.000000e+00  0.000000e+00  0.000000e+00  0.000000e+00  2.500000e-01  1.000000e+00  1.000000e+00  0.000000e+00  0.000000e+00  0.000000e+00  2.500000e-01  1.000000e+00  1.000000e+00  0.000000e+00  0.000000e+00  0.000000e+00  2.500000e-01  
6.883670e-01  4.835420e-02  8.543760e-01  0.000000e+00  0.000000e+00  2.500000e-01  1.794340e+00  9.299440e+00  -9.935620e-01  0.000000e+00  0.000000e+00  2.500000e-01  1.000000e+00  1.000000e+00  0.000000e+00  0.000000e+00  0.000000e+00  2.500000e-01  1.000000e+00  1.000000e+00  0.000000e+00  0.000000e+00  0.000000e+00  2.500000e-01  1.000000e+00  1.000000e+00  0.000000e+00  0.000000e+00  0.000000e+00  2.500000e-01  1.000000e+00  1.000000e+00  0.000000e+00  0.000000e+00  0.000000e+00  2.500000e-01  
6.883180e-01  5.339720e-02  8.543790e-01  0.000000e+00  0.000000e+00  2.500000e-01  1.794310e+00  1.194580e+01  -9.999990e-01  0.000000e+00  0.000000e+00  2.500000e-01  1.000000e+00  1.000000e+00  0.000000e+00  0.000000e+00  0.000000e+00  2.500000e-01  1.000000e+00  1.000000e+00  0.000000e+00  0.000000e+00  0.000000e+00  2.500000e-01  1.000000e+00  1.000000e+00  0.000000e+00  0.000000e+00  0.000000e+00  2.500000e-01  1.000000e+00  1.000000e+00  0.000000e+00  0.000000e+00  0.000000e+00  2.500000e-01  
7.423090e-01  4.837790e-02  8.543760e-01  0.000000e+00  0.000000e+00  2.500000e-01  1.794340e+00  1.439630e+01  -7.303240e-01  0.000000e+00  0.000000e+00  2.500000e-01  1.000000e+00  1.000000e+00  0.000000e+00  0.000000e+00  0.000000e+00  2.500000e-01  1.000000e+00  1.000000e+00  0.000000e+00  0.000000e+00  0.000000e+00  2.500000e-01  1.000000e+00  1.000000e+00  0.000000e+00  0.000000e+00  0.000000e+00  2.500000e-01  1.000000e+00  1.000000e+00  0.000000e+00  0.000000e+00  0.000000e+00  2.500000e-01  
5.722610e-01  4.834290e-02  8.543760e-01  0.000000e+00  0.000000e+00  2.500000e-01  1.794340e+00  7.004930e+00  -9.999990e-01  0.000000e+00  0.000000e+00  2.500000e-01  1.000000e+00  1.000000e+00  0.000000e+00  0.000000e+00  0.000000e+00  2.500000e-01  1.000000e+00  1.000000e+00  0.000000e+00  0.000000e+00  0.000000e+00  2.500000e-01  1.000000e+00  1.000000e+00  0.000000e+00  0.000000e+00  0.000000e+00  2.500000e-01  1.000000e+00  1.000000e+00  0.000000e+00  0.000000e+00  0.000000e+00  2.500000e-01  
5.750630e-01  4.835350e-02  8.543760e-01  0.000000e+00  0.000000e+00  2.500000e-01  1.794340e+00  7.004930e+00  -9.999990e-01  0.000000e+00  0.000000e+00  2.500000e-01  1.000000e+00  1.000000e+00  0.000000e+00  0.000000e+00  0.000000e+00  2.500000e-01  1.000000e+00  1.000000e+00  0.000000e+00  0.000000e+00  0.000000e+00  2.500000e-01  1.000000e+00  1.000000e+00  0.000000e+00  0.000000e+00  0.000000e+00  2.500000e-01  1.000000e+00  1.000000e+00  0.000000e+00  0.000000e+00  0.000000e+00  2.500000e-01  
6.883670e-01  1.773440e-01  8.543760e-01  0.000000e+00  0.000000e+00  2.500000e-01  1.687060e+00  7.004930e+00  -9.999990e-01  0.000000e+00  0.000000e+00  2.500000e-01  1.000000e+00  1.000000e+00  0.000000e+00  0.000000e+00  0.000000e+00  2.500000e-01  1.000000e+00  1.000000e+00  0.000000e+00  0.000000e+00  0.000000e+00  2.500000e-01  1.000000e+00  1.000000e+00  0.000000e+00  0.000000e+00  0.000000e+00  2.500000e-01  1.000000e+00  1.000000e+00  0.000000e+00  0.000000e+00  0.000000e+00  2.500000e-01  
6.883670e-01  4.835350e-02  8.543760e-01  0.000000e+00  0.000000e+00  2.500000e-01  1.794340e+00  7.004930e+00  -9.999990e-01  0.000000e+00  0.000000e+00  2.500000e-01  1.000000e+00  1.000000e+00  0.000000e+00  0.000000e+00  0.000000e+00  2.500000e-01  1.000000e+00  1.000000e+00  0.000000e+00  0.000000e+00  0.000000e+00  2.500000e-01  1.000000e+00  1.000000e+00  0.000000e+00  0.000000e+00  0.000000e+00  2.500000e-01  1.000000e+00  1.000000e+00  0.000000e+00  0.000000e+00  0.000000e+00  2.500000e-01  
6.652540e-01  5.092040e-02  8.794490e-01  0.000000e+00  0.000000e+00  2.500000e-01  1.792730e+00  8.021260e+00  -9.997570e-01  0.000000e+00  0.000000e+00  2.500000e-01  1.000000e+00  1.000000e+00  0.000000e+00  0.000000e+00  0.000000e+00  2.500000e-01  1.000000e+00  1.000000e+00  0.000000e+00  0.000000e+00  0.000000e+00  2.500000e-01  1.000000e+00  1.000000e+00  0.000000e+00  0.000000e+00  0.000000e+00  2.500000e-01  1.000000e+00  1.000000e+00  0.000000e+00  0.000000e+00  0.000000e+00  2.500000e-01  
6.883670e-01  4.837200e-02  5.581890e-01  0.000000e+00  0.000000e+00  2.500000e-01  1.794340e+00  7.004930e+00  -9.999990e-01  0.000000e+00  0.000000e+00  2.500000e-01  1.000000e+00  1.000000e+00  0.000000e+00  0.000000e+00  0.000000e+00  2.500000e-01  1.000000e+00  1.000000e+00  0.000000e+00  0.000000e+00  0.000000e+00  2.500000e-01  1.000000e+00  1.000000e+00  0.000000e+00  0.000000e+00  0.000000e+00  2.500000e-01  1.000000e+00  1.000000e+00  0.000000e+00  0.000000e+00  0.000000e+00  2.500000e-01  
6.883560e-01  4.835350e-02  5.595410e-01  0.000000e+00  0.000000e+00  2.500000e-01  1.794340e+00  7.004930e+00  -9.999990e-01  0.000000e+00  0.000000e+00  2.500000e-01  1.000000e+00  1.000000e+00  0.000000e+00  0.000000e+00  0.000000e+00  2.500000e-01  1.000000e+00  1.000000e+00  0.000000e+00  0.000000e+00  0.000000e+00  2.500000e-01  1.000000e+00  1.000000e+00  0.000000e+00  0.000000e+00  0.000000e+00  2.500000e-01  1.000000e+00  1.000000e+00  0.000000e+00  0.000000e+00  0.000000e+00  2.500000e-01  
6.883670e-01  4.835350e-02  5.595060e-01  0.000000e+00  0.000000e+00  2.500000e-01  1.794340e+00  7.004930e+00  -9.999990e-01  0.000000e+00  0.000000e+00  2.500000e-01  1.000000e+00  1.000000e+00  0.000000e+00  0.000000e+00  0.000000e+00  2.500000e-01  1.000000e+00  1.000000e+00  0.000000e+00  0.000000e+00  0.000000e+00  2.500000e-01  1.000000e+00  1.000000e+00  0.000000e+00  0.000000e+00  0.000000e+00  2.500000e-01  1.000000e+00  1.000000e+00  0.000000e+00  0.000000e+00  0.000000e+00  2.500000e-01  
6.883670e-01  4.835910e-02  5.584690e-01  0.000000e+00  0.000000e+00  2.500000e-01  1.794340e+00  7.004930e+00  -9.999990e-01  0.000000e+00  0.000000e+00  2.500000e-01  1.000000e+00  1.000000e+00  0.000000e+00  0.000000e+00  0.000000e+00  2.500000e-01  1.000000e+00  1.000000e+00  0.000000e+00  0.000000e+00  0.000000e+00  2.500000e-01  1.000000e+00  1.000000e+00  0.000000e+00  0.000000e+00  0.000000e+00  2.500000e-01  1.000000e+00  1.000000e+00  0.000000e+00  0.000000e+00  0.000000e+00  2.500000e-01  
6.883670e-01  4.835350e-02  5.761750e-01  0.000000e+00  0.000000e+00  2.500000e-01  1.794340e+00  7.004930e+00  -9.999990e-01  0.000000e+00  0.000000e+00  2.500000e-01  1.000000e+00  1.000000e+00  0.000000e+00  0.000000e+00  0.000000e+00  2.500000e-01  1.000000e+00  1.000000e+00  0.000000e+00  0.000000e+00  0.000000e+00  2.500000e-01  1.000000e+00  1.000000e+00  0.000000e+00  0.000000e+00  0.000000e+00  2.500000e-01  1.000000e+00  1.000000e+00  0.000000e+00  0.000000e+00  0.000000e+00  2.500000e-01  
6.883670e-01  4.835350e-02  8.543760e-01  0.000000e+00  0.000000e+00  2.500000e-01  1.794340e+00  6.998460e+00  8.184280e-02  0.000000e+00  0.000000e+00  2.500000e-01  1.000000e+00  1.000000e+00  0.000000e+00  0.000000e+00  0.000000e+00  2.500000e-01  1.000000e+00  1.000000e+00  0.000000e+00  0.000000e+00  0.000000e+00  2.500000e-01  1.000000e+00  1.000000e+00  0.000000e+00  0.000000e+00  0.000000e+00  2.500000e-01  1.000000e+00  1.000000e+00  0.000000e+00  0.000000e+00  0.000000e+00  2.500000e-01  
6.883670e-01  4.835350e-02  8.543760e-01  0.000000e+00  0.000000e+00  2.500000e-01  1.794340e+00  7.004930e+00  8.837800e-02  0.000000e+00  0.000000e+00  2.500000e-01  1.000000e+00  1.000000e+00  0.000000e+00  0.000000e+00  0.000000e+00  2.500000e-01  1.000000e+00  1.000000e+00  0.000000e+00  0.000000e+00  0.000000e+00  2.500000e-01  1.000000e+00  1.000000e+00  0.000000e+00  0.000000e+00  0.000000e+00  2.500000e-01  1.000000e+00  1.000000e+00  0.000000e+00  0.000000e+00  0.000000e+00  2.500000e-01  
6.883670e-01  5.023370e-02  8.543760e-01  0.000000e+00  0.000000e+00  2.500000e-01  5.357740e+00  7.004930e+00  1.788700e-01  0.000000e+00  0.000000e+00  2.500000e-01  1.000000e+00  1.000000e+00  0.000000e+00  0.000000e+00  0.000000e+00  2.500000e-01  1.000000e+00  1.000000e+00  0.000000e+00  0.000000e+00  0.000000e+00  2.500000e-01  1.000000e+00  1.000000e+00  0.000000e+00  0.000000e+00  0.000000e+00  2.500000e-01  1.000000e+00  1.000000e+00  0.000000e+00  0.000000e+00  0.000000e+00  2.500000e-01  
6.883670e-01  4.835350e-02  8.543760e-01  0.000000e+00  0.000000e+00  2.500000e-01  1.630800e+00  7.004930e+00  1.223570e-01  0.000000e+00  0.000000e+00  2.500000e-01  1.000000e+00  1.000000e+00  0.000000e+00  0.000000e+00  0.000000e+00  2.500000e-01  1.000000e+00  1.000000e+00  0.000000e+00  0.000000e+00  0.000000e+00  2.500000e-01  1.000000e+00  1.000000e+00  0.000000e+00  0.000000e+00  0.000000e+00  2.500000e-01  1.000000e+00  1.000000e+00  0.000000e+00  0.000000e+00  0.000000e+00  2.500000e-01  
6.885200e-01  4.835350e-02  9.989220e-01  0.000000e+00  0.000000e+00  2.500000e-01  1.808700e+01  7.004930e+00  1.217180e-01  0.000000e+00  0.000000e+00  2.500000e-01  1.000000e+00  1.000000e+00  0.000000e+00  0.000000e+00  0.000000e+00  2.500000e-01  1.000000e+00  1.000000e+00  0.000000e+00  0.000000e+00  0.000000e+00  2.500000e-01  1.000000e+00  1.000000e+00  0.000000e+00  0.000000e+00  0.000000e+00  2.500000e-01  1.000000e+00  1.000000e+00  0.000000e+00  0.000000e+00  0.000000e+00  2.500000e-01  
6.883570e-01  4.834480e-02  8.543970e-01  0.000000e+00  0.000000e+00  2.500000e-01  1.631880e+00  7.431750e+00  -9.999990e-01  0.000000e+00  0.000000e+00  2.500000e-01  1.000000e+00  1.000000e+00  0.000000e+00  0.000000e+00  0.000000e+00  2.500000e-01  1.000000e+00  1.000000e+00  0.000000e+00  0.000000e+00  0.000000e+00  2.500000e-01  1.000000e+00  1.000000e+00  0.000000e+00  0.000000e+00  0.000000e+00  2.500000e-01  1.000000e+00  1.000000e+00  0.000000e+00  0.000000e+00  0.000000e+00  2.500000e-01  
6.883670e-01  4.661850e-02  8.582180e-01  0.000000e+00  0.000000e+00  2.500000e-01  2.253560e+00  5.065160e+00  -9.999990e-01  0.000000e+00  0.000000e+00  2.500000e-01  1.000000e+00  1.000000e+00  0.000000e+00  0.000000e+00  0.000000e+00  2.500000e-01  1.000000e+00  1.000000e+00  0.000000e+00  0.000000e+00  0.000000e+00  2.500000e-01  1.000000e+00  1.000000e+00  0.000000e+00  0.000000e+00  0.000000e+00  2.500000e-01  1.000000e+00  1.000000e+00  0.000000e+00  0.000000e+00  0.000000e+00  2.500000e-01  
6.984280e-01  4.835350e-02  8.543760e-01  0.000000e+00  0.000000e+00  2.500000e-01  3.435000e+00  7.004930e+00  -9.999990e-01  0.000000e+00  0.000000e+00  2.500000e-01  1.000000e+00  1.000000e+00  0.000000e+00  0.000000e+00  0.000000e+00  2.500000e-01  1.000000e+00  1.000000e+00  0.000000e+00  0.000000e+00  0.000000e+00  2.500000e-01  1.000000e+00  1.000000e+00  0.000000e+00  0.000000e+00  0.000000e+00  2.500000e-01  1.000000e+00  1.000000e+00  0.000000e+00  0.000000e+00  0.000000e+00  2.500000e-01  
6.891910e-01  4.766820e-02  8.534940e-01  0.000000e+00  0.000000e+00  2.500000e-01  1.069280e+00  7.173440e+00  -9.999990e-01  0.000000e+00  0.000000e+00  2.500000e-01  1.000000e+00  1.000000e+00  0.000000e+00  0.000000e+00  0.000000e+00  2.500000e-01  1.000000e+00  1.000000e+00  0.000000e+00  0.000000e+00  0.000000e+00  2.500000e-01  1.000000e+00  1.000000e+00  0.000000e+00  0.000000e+00  0.000000e+00  2.500000e-01  1.000000e+00  1.000000e+00  0.000000e+00  0.000000e+00  0.000000e+00  2.500000e-01  
6.883670e-01  4.835350e-02  8.543760e-01  0.000000e+00  0.000000e+00  2.500000e-01  1.629470e+01  7.004930e+00  -9.999990e-01  0.000000e+00  0.000000e+00  2.500000e-01  1.000000e+00  1.000000e+00  0.000000e+00  0.000000e+00  0.000000e+00  2.500000e-01  1.000000e+00  1.000000e+00  0.000000e+00  0.000000e+00  0.000000e+00  2.500000e-01  1.000000e+00  1.000000e+00  0.000000e+00  0.000000e+00  0.000000e+00  2.500000e-01  1.000000e+00  1.000000e+00  0.000000e+00  0.000000e+00  0.000000e+00  2.500000e-01  
6.883670e-01  4.835350e-02  8.543760e-01  0.000000e+00  0.000000e+00  2.500000e-01  1.794340e+00  6.922170e+00  -9.999990e-01  0.000000e+00  0.000000e+00  2.500000e-01  1.000000e+00  1.000000e+00  0.000000e+00  0.000000e+00  0.000000e+00  2.500000e-01  1.000000e+00  1.000000e+00  0.000000e+00  0.000000e+00  0.000000e+00  2.500000e-01  1.000000e+00  1.000000e+00  0.000000e+00  0.000000e+00  0.000000e+00  2.500000e-01  1.000000e+00  1.000000e+00  0.000000e+00  0.000000e+00  0.000000e+00  2.500000e-01  
6.883670e-01  4.835350e-02  8.543760e-01  0.000000e+00  0.000000e+00  2.500000e-01  1.794340e+00  7.004930e+00  -9.999990e-01  0.000000e+00  0.000000e+00  2.500000e-01  1.000000e+00  1.000000e+00  0.000000e+00  0.000000e+00  0.000000e+00  2.500000e-01  1.000000e+00  1.000000e+00  0.000000e+00  0.000000e+00  0.000000e+00  2.500000e-01  1.000000e+00  1.000000e+00  0.000000e+00  0.000000e+00  0.000000e+00  2.500000e-01  1.000000e+00  1.000000e+00  0.000000e+00  0.000000e+00  0.000000e+00  2.500000e-01  
6.883670e-01  4.672670e-02  8.546360e-01  0.000000e+00  0.000000e+00  2.500000e-01  1.794340e+00  7.004930e+00  -9.999990e-01  0.000000e+00  0.000000e+00  2.500000e-01  1.000000e+00  1.000000e+00  0.000000e+00  0.000000e+00  0.000000e+00  2.500000e-01  1.000000e+00  1.000000e+00  0.000000e+00  0.000000e+00  0.000000e+00  2.500000e-01  1.000000e+00  1.000000e+00  0.000000e+00  0.000000e+00  0.000000e+00  2.500000e-01  1.000000e+00  1.000000e+00  0.000000e+00  0.000000e+00  0.000000e+00  2.500000e-01  
6.883660e-01  4.835350e-02  9.607280e-01  0.000000e+00  0.000000e+00  2.500000e-01  1.788860e+00  4.233590e+00  -1.000000e+00  0.000000e+00  0.000000e+00  2.500000e-01  1.000000e+00  1.000000e+00  0.000000e+00  0.000000e+00  0.000000e+00  2.500000e-01  1.000000e+00  1.000000e+00  0.000000e+00  0.000000e+00  0.000000e+00  2.500000e-01  1.000000e+00  1.000000e+00  0.000000e+00  0.000000e+00  0.000000e+00  2.500000e-01  1.000000e+00  1.000000e+00  0.000000e+00  0.000000e+00  0.000000e+00  2.500000e-01  
6.883670e-01  4.835350e-02  8.543760e-01  0.000000e+00  0.000000e+00  2.500000e-01  1.794340e+00  7.004930e+00  -9.999990e-01  0.000000e+00  0.000000e+00  2.500000e-01  1.000000e+00  1.000000e+00  0.000000e+00  0.000000e+00  0.000000e+00  2.500000e-01  1.000000e+00  1.000000e+00  0.000000e+00  0.000000e+00  0.000000e+00  2.500000e-01  1.000000e+00  1.000000e+00  0.000000e+00  0.000000e+00  0.000000e+00  2.500000e-01  1.000000e+00  1.000000e+00  0.000000e+00  0.000000e+00  0.000000e+00  2.500000e-01  
6.883670e-01  4.835350e-02  8.543760e-01  0.000000e+00  0.000000e+00  2.500000e-01  1.794340e+00  7.004930e+00  -9.999990e-01  0.000000e+00  0.000000e+00  2.500000e-01  1.000000e+00  1.000000e+00  0.000000e+00  0.000000e+00  0.000000e+00  2.500000e-01  1.000000e+00  1.000000e+00  0.000000e+00  0.000000e+00  0.000000e+00  2.500000e-01  1.000000e+00  1.000000e+00  0.000000e+00  0.000000e+00  0.000000e+00  2.500000e-01  1.000000e+00  1.000000e+00  0.000000e+00  0.000000e+00  0.000000e+00  2.500000e-01  
6.883670e-01  4.835350e-02  8.543760e-01  0.000000e+00  0.000000e+00  2.500000e-01  1.794340e+00  7.004930e+00  -9.999990e-01  0.000000e+00  0.000000e+00  2.500000e-01  1.000000e+00  1.000000e+00  0.000000e+00  0.000000e+00  0.000000e+00  2.500000e-01  1.000000e+00  1.000000e+00  0.000000e+00  0.000000e+00  0.000000e+00  2.500000e-01  1.000000e+00  1.000000e+00  0.000000e+00  0.000000e+00  0.000000e+00  2.500000e-01  1.000000e+00  1.000000e+00  0.000000e+00  0.000000e+00  0.000000e+00  2.500000e-01  
6.883670e-01  4.835350e-02  8.543760e-01  0.000000e+00  0.000000e+00  2.500000e-01  1.794340e+00  7.004930e+00  -9.999990e-01  0.000000e+00  0.000000e+00  2.500000e-01  1.000000e+00  1.000000e+00  0.000000e+00  0.000000e+00  0.000000e+00  2.500000e-01  1.000000e+00  1.000000e+00  0.000000e+00  0.000000e+00  0.000000e+00  2.500000e-01  1.000000e+00  1.000000e+00  0.000000e+00  0.000000e+00  0.000000e+00  2.500000e-01  1.000000e+00  1.000000e+00  0.000000e+00  0.000000e+00  0.000000e+00  2.500000e-01  
6.883670e-01  4.835350e-02  8.543760e-01  0.000000e+00  0.000000e+00  2.500000e-01  1.794340e+00  7.004930e+00  -9.999990e-01  0.000000e+00  0.000000e+00  2.500000e-01  1.000000e+00  1.000000e+00  0.000000e+00  0.000000e+00  0.000000e+00  2.500000e-01  1.000000e+00  1.000000e+00  0.000000e+00  0.000000e+00  0.000000e+00  2.500000e-01  1.000000e+00  1.000000e+00  0.000000e+00  0.000000e+00  0.000000e+00  2.500000e-01  1.000000e+00  1.000000e+00  0.000000e+00  0.000000e+00  0.000000e+00  2.500000e-01  
6.883670e-01  4.835350e-02  8.543760e-01  0.000000e+00  0.000000e+00  2.500000e-01  1.794340e+00  7.004930e+00  -9.999990e-01  0.000000e+00  0.000000e+00  2.500000e-01  1.000000e+00  1.000000e+00  0.000000e+00  0.000000e+00  0.000000e+00  2.500000e-01  1.000000e+00  1.000000e+00  0.000000e+00  0.000000e+00  0.000000e+00  2.500000e-01  1.000000e+00  1.000000e+00  0.000000e+00  0.000000e+00  0.000000e+00  2.500000e-01  1.000000e+00  1.000000e+00  0.000000e+00  0.000000e+00  0.000000e+00  2.500000e-01  
